259.530000,324.620000,258.240000,355.951000,257.168000,386.866000,256.170000,418.249000,220.759000,436.704000,237.011000,443.114000,253.438000,448.471000,270.346000,444.893000,285.596000,439.954000
336.578000,403.388000,337.949000,445.585000,339.169000,487.807000,340.303000,530.911000,297.347000,555.201000,318.090000,563.093000,339.660000,569.503000,361.713000,562.716000,381.545000,555.184000
337.020000,392.477000,338.530000,440.584000,340.033000,488.466000,341.402000,536.723000,296.689000,560.465000,318.960000,569.140000,341.810000,575.828000,364.903000,568.959000,385.528000,560.886000
338.126000,357.949000,338.686000,402.707000,339.297000,447.432000,339.902000,493.091000,294.078000,522.370000,317.269000,530.259000,340.046000,537.319000,363.574000,530.265000,385.272000,522.278000
309.870000,392.647000,309.290000,432.595000,308.706000,472.835000,308.297000,513.818000,260.326000,534.706000,283.023000,543.323000,305.887000,550.527000,329.178000,544.095000,350.507000,537.309000
322.330000,387.065000,322.451000,436.119000,322.731000,484.658000,323.370000,533.007000,271.667000,541.053000,295.944000,552.093000,321.180000,561.281000,346.197000,552.551000,368.500000,543.172000
324.419000,358.188000,327.660000,409.335000,330.586000,460.765000,333.301000,512.270000,284.243000,528.798000,307.731000,538.613000,332.450000,546.200000,356.784000,537.095000,378.365000,527.357000
310.648000,414.102000,309.783000,460.220000,308.688000,506.555000,307.699000,553.167000,265.032000,569.349000,286.010000,579.528000,308.425000,586.636000,331.831000,579.199000,353.062000,571.321000
312.000000,375.358000,312.020000,416.478000,312.078000,457.487000,312.203000,499.787000,266.963000,526.925000,289.342000,534.841000,311.911000,541.669000,335.470000,535.411000,356.977000,527.896000
346.112000,456.220000,346.559000,500.689000,346.755000,546.295000,347.090000,592.395000,299.743000,606.440000,322.056000,616.453000,345.826000,623.635000,370.273000,615.802000,392.653000,606.429000
379.740000,448.138000,377.825000,488.952000,375.904000,530.584000,374.095000,572.962000,322.672000,595.873000,345.760000,604.416000,369.688000,611.632000,393.948000,606.684000,416.439000,600.823000
270.826000,341.549000,271.126000,378.394000,271.542000,414.812000,271.919000,451.305000,235.522000,470.854000,252.864000,477.112000,270.478000,482.062000,287.957000,477.867000,303.900000,472.826000
330.682000,474.807000,331.833000,525.463000,333.181000,575.366000,334.702000,625.487000,291.470000,648.679000,315.663000,658.119000,341.041000,665.396000,366.787000,655.438000,390.417000,644.749000
326.265000,372.134000,324.907000,417.516000,323.607000,462.548000,322.195000,507.542000,277.269000,532.335000,300.035000,540.760000,322.986000,547.756000,346.283000,541.616000,367.624000,534.924000
324.172000,429.356000,322.716000,476.343000,321.607000,523.962000,320.981000,571.522000,273.189000,579.651000,294.685000,590.285000,317.865000,598.936000,341.596000,592.256000,362.839000,582.776000
327.278000,389.400000,325.972000,434.844000,325.074000,479.927000,324.363000,525.780000,276.576000,547.623000,299.057000,557.173000,322.268000,565.343000,346.596000,558.624000,368.535000,549.670000
323.756000,383.663000,323.770000,426.302000,324.079000,468.483000,324.241000,511.389000,277.351000,541.214000,298.737000,548.922000,320.440000,555.680000,342.724000,550.491000,362.554000,543.463000
333.326000,386.231000,333.065000,428.568000,333.089000,470.180000,333.230000,512.251000,286.574000,537.788000,309.744000,545.795000,332.600000,552.678000,355.569000,546.677000,376.607000,539.441000
348.900000,429.117000,346.525000,479.626000,344.355000,529.711000,342.445000,579.694000,297.676000,597.475000,319.082000,607.784000,341.406000,616.660000,365.655000,610.415000,387.600000,602.414000
333.132000,412.260000,331.559000,453.665000,329.932000,496.299000,328.595000,539.437000,281.793000,552.486000,304.008000,563.012000,326.789000,570.883000,350.465000,564.101000,372.455000,555.374000
317.308000,358.309000,315.762000,406.901000,314.641000,455.125000,313.794000,503.705000,266.041000,524.916000,289.068000,534.933000,313.560000,543.472000,339.026000,535.325000,361.738000,527.024000
265.875000,305.356000,265.571000,337.590000,265.446000,369.608000,265.362000,402.137000,226.237000,422.166000,244.389000,428.432000,261.968000,434.039000,279.737000,429.616000,295.957000,424.631000
353.011000,421.734000,354.907000,468.118000,356.749000,514.310000,358.286000,560.620000,309.981000,581.391000,333.916000,590.969000,358.558000,597.804000,382.821000,589.318000,404.732000,580.165000
319.486000,379.024000,318.041000,424.213000,316.761000,469.080000,315.409000,514.200000,277.740000,536.111000,297.308000,544.792000,317.964000,551.767000,340.100000,544.843000,360.175000,536.583000
337.552000,448.765000,339.260000,494.879000,340.501000,541.797000,341.414000,589.081000,296.507000,610.584000,318.717000,619.545000,342.452000,625.866000,366.565000,617.419000,388.477000,608.892000
314.812000,382.561000,314.261000,425.932000,313.844000,468.924000,313.393000,512.194000,265.986000,531.949000,287.100000,541.184000,308.866000,548.833000,331.293000,543.671000,351.322000,537.030000
318.135000,322.295000,319.247000,361.989000,320.292000,401.550000,321.168000,442.007000,274.853000,475.049000,297.741000,482.212000,321.004000,487.878000,344.422000,481.772000,365.480000,475.534000
308.145000,365.259000,306.125000,408.194000,304.651000,450.137000,303.362000,492.219000,258.319000,514.082000,279.767000,521.696000,300.889000,528.691000,322.458000,524.164000,342.248000,517.692000
252.367000,265.387000,251.117000,294.324000,249.851000,323.260000,248.615000,352.726000,213.283000,371.644000,229.737000,377.984000,246.397000,383.396000,263.843000,379.456000,279.707000,375.316000
245.982000,317.809000,245.781000,349.962000,245.692000,381.739000,245.614000,413.779000,209.717000,430.934000,226.724000,437.094000,243.698000,442.347000,260.706000,437.829000,276.158000,432.806000
249.533000,326.815000,249.057000,359.803000,248.778000,392.508000,248.567000,425.825000,209.857000,444.788000,228.450000,451.400000,246.633000,457.438000,265.371000,452.390000,282.730000,446.760000
261.229000,313.578000,260.168000,347.287000,259.042000,380.875000,258.056000,414.825000,222.795000,430.486000,238.862000,437.728000,255.822000,443.642000,273.678000,438.742000,289.773000,433.468000
265.801000,334.926000,265.702000,365.010000,265.499000,395.004000,265.320000,425.704000,230.903000,446.957000,247.139000,452.710000,263.745000,457.294000,280.909000,453.418000,296.650000,448.822000
245.877000,280.463000,246.477000,312.769000,246.861000,345.035000,247.174000,377.649000,215.345000,398.231000,230.936000,403.903000,247.146000,408.095000,263.841000,403.481000,278.886000,398.391000
829.216000,1075.900000,827.702000,1189.070000,825.525000,1303.050000,824.008000,1416.560000,731.111000,1468.070000,778.934000,1488.600000,827.086000,1506.400000,877.113000,1489.510000,924.206000,1471.890000
834.375000,1068.270000,838.025000,1175.710000,841.874000,1283.380000,845.779000,1392.330000,739.711000,1460.080000,794.982000,1476.200000,847.677000,1488.790000,899.959000,1473.710000,948.947000,1455.920000
1124.720000,1435.950000,1129.070000,1589.190000,1132.580000,1743.910000,1135.750000,1899.540000,975.519000,1971.180000,1053.730000,1999.420000,1128.380000,2024.650000,1203.230000,1998.910000,1273.450000,1976.730000
694.463000,1034.780000,685.832000,1152.750000,676.763000,1271.000000,670.252000,1387.740000,572.865000,1399.300000,623.238000,1427.460000,677.027000,1449.270000,735.060000,1428.340000,788.733000,1405.710000
932.244000,1334.680000,933.232000,1463.740000,934.129000,1593.430000,935.479000,1723.710000,812.713000,1795.840000,874.329000,1817.300000,937.045000,1831.410000,998.788000,1812.480000,1056.970000,1791.440000
668.743000,1010.340000,665.978000,1124.550000,662.537000,1238.650000,659.797000,1350.670000,573.288000,1366.390000,614.462000,1388.160000,657.836000,1404.980000,702.804000,1391.280000,743.680000,1375.620000
1474.260000,1833.330000,1471.290000,2046.740000,1470.250000,2259.600000,1470.160000,2472.660000,1267.440000,2517.340000,1361.810000,2561.870000,1456.850000,2598.020000,1553.080000,2569.580000,1639.350000,2529.960000
585.274000,878.678000,601.085000,963.619000,615.950000,1048.670000,630.495000,1134.230000,552.511000,1177.460000,598.422000,1188.830000,644.219000,1195.690000,686.186000,1171.290000,725.140000,1147.820000
233.788000,309.822000,233.061000,343.512000,232.336000,377.061000,231.833000,410.834000,196.608000,424.109000,213.126000,431.095000,229.864000,436.795000,247.093000,432.143000,262.687000,426.649000
270.860000,334.616000,272.022000,359.944000,273.229000,385.698000,274.523000,412.385000,243.203000,436.710000,258.884000,440.801000,274.638000,443.900000,290.327000,439.363000,304.830000,433.735000
678.582000,756.428000,685.636000,858.199000,692.697000,958.820000,699.419000,1059.170000,606.736000,1100.270000,650.602000,1117.690000,692.647000,1130.820000,734.335000,1116.560000,771.368000,1099.680000
663.670000,823.020000,666.369000,914.538000,669.190000,1006.190000,672.145000,1098.140000,598.516000,1149.110000,635.379000,1163.800000,673.673000,1174.690000,713.120000,1162.870000,747.892000,1148.920000
519.342000,558.555000,522.740000,636.097000,526.264000,712.851000,530.599000,789.776000,452.454000,816.659000,489.018000,830.549000,524.402000,842.445000,559.629000,829.587000,590.301000,813.537000
449.230000,686.703000,443.245000,759.988000,437.336000,833.110000,432.102000,905.645000,365.546000,920.183000,396.610000,936.591000,428.209000,951.009000,462.438000,942.403000,494.065000,932.348000
419.202000,577.231000,418.662000,640.144000,418.082000,702.745000,418.324000,764.479000,354.529000,767.249000,385.064000,782.790000,417.901000,795.398000,451.425000,781.708000,481.448000,768.583000
318.711000,404.705000,318.714000,450.388000,318.873000,495.606000,319.256000,541.216000,273.092000,556.975000,295.296000,566.683000,318.227000,574.483000,341.239000,566.402000,362.099000,557.930000
438.637000,548.028000,436.200000,620.038000,434.135000,691.004000,432.880000,761.114000,367.331000,770.933000,398.014000,787.116000,430.805000,800.128000,464.884000,788.595000,495.513000,776.018000
490.587000,740.413000,492.889000,817.463000,495.324000,893.751000,498.363000,969.697000,427.836000,983.865000,461.959000,1000.750000,496.667000,1013.890000,532.163000,1000.790000,564.221000,986.758000
851.984000,1164.150000,857.623000,1276.270000,863.104000,1389.620000,868.505000,1502.160000,744.104000,1535.640000,801.720000,1558.380000,859.046000,1576.080000,914.458000,1558.900000,965.208000,1539.650000
419.036000,676.682000,417.927000,733.501000,416.565000,790.350000,415.608000,847.617000,360.549000,869.088000,388.010000,880.634000,415.863000,889.699000,444.294000,880.976000,470.619000,871.584000
267.478000,356.472000,267.447000,388.938000,267.569000,421.014000,267.926000,453.804000,232.946000,474.926000,250.450000,480.580000,267.770000,485.229000,285.266000,480.805000,301.443000,474.935000
595.314000,691.380000,603.742000,765.073000,611.194000,839.318000,618.120000,913.702000,539.958000,936.249000,577.326000,950.796000,613.742000,961.406000,648.121000,945.595000,679.577000,930.988000
537.505000,668.614000,537.366000,742.973000,536.788000,817.479000,536.757000,891.108000,475.747000,903.719000,505.483000,920.257000,537.684000,932.305000,571.502000,921.141000,601.805000,907.938000
409.114000,538.665000,412.168000,602.888000,415.217000,666.886000,418.698000,731.053000,364.579000,753.587000,393.684000,765.341000,424.326000,775.172000,455.153000,761.656000,483.457000,748.108000
285.204000,361.844000,283.684000,393.221000,281.915000,425.317000,280.452000,457.636000,243.808000,469.912000,260.850000,477.498000,279.041000,483.351000,297.830000,478.208000,315.039000,472.571000
262.096000,336.048000,263.567000,371.386000,265.018000,406.799000,266.821000,442.501000,229.315000,459.834000,247.071000,465.644000,265.516000,470.608000,283.543000,464.888000,299.659000,458.647000
246.101000,293.151000,246.469000,321.209000,246.687000,349.101000,246.925000,377.821000,219.743000,400.280000,234.490000,404.947000,249.123000,408.459000,264.416000,404.226000,278.558000,399.308000
244.095000,319.736000,243.229000,351.625000,242.447000,383.398000,241.935000,415.774000,204.772000,436.612000,223.005000,442.898000,241.315000,448.074000,259.942000,443.319000,276.979000,437.564000
248.460000,278.455000,248.758000,306.423000,249.070000,334.200000,249.487000,362.732000,216.333000,383.491000,232.478000,388.592000,248.342000,392.623000,264.293000,388.746000,278.937000,383.945000
268.293000,329.969000,268.364000,361.680000,268.448000,393.198000,268.669000,425.244000,233.162000,445.554000,250.639000,451.337000,268.291000,456.061000,286.261000,451.039000,302.685000,445.726000
257.615000,299.848000,257.744000,334.864000,257.935000,369.701000,258.351000,404.587000,223.526000,419.563000,240.416000,426.512000,258.115000,431.647000,276.190000,426.115000,292.359000,419.438000
267.062000,331.743000,267.513000,363.864000,267.856000,395.614000,268.311000,428.246000,233.764000,456.616000,251.641000,461.885000,269.315000,465.810000,287.023000,461.192000,303.573000,456.120000
257.764000,296.468000,256.824000,327.386000,256.211000,357.705000,255.701000,388.727000,217.120000,410.541000,234.881000,416.383000,252.637000,421.665000,270.757000,418.045000,287.259000,413.821000
252.166000,300.917000,251.787000,329.569000,251.459000,358.102000,251.190000,387.325000,216.355000,406.412000,232.864000,412.056000,249.039000,417.135000,265.502000,413.239000,280.523000,409.180000
264.165000,324.356000,264.596000,352.234000,264.841000,380.514000,265.010000,409.280000,233.013000,429.191000,248.270000,434.517000,264.044000,438.265000,280.095000,434.048000,295.086000,429.074000
275.987000,318.118000,274.053000,353.607000,272.514000,388.655000,271.059000,423.946000,233.178000,438.699000,250.062000,446.462000,267.394000,453.208000,285.317000,448.877000,301.268000,443.096000
260.615000,341.434000,258.561000,374.801000,256.588000,407.934000,254.784000,441.424000,219.559000,459.936000,236.241000,466.839000,253.199000,472.708000,271.110000,469.032000,287.510000,464.425000
257.187000,333.592000,255.998000,362.191000,254.713000,391.139000,253.571000,420.492000,222.701000,437.586000,237.713000,443.104000,253.497000,447.568000,270.008000,443.738000,285.043000,438.443000
258.288000,313.430000,258.693000,344.947000,259.050000,376.012000,259.372000,407.626000,227.784000,430.729000,243.703000,436.109000,259.703000,440.273000,276.144000,435.715000,291.216000,430.367000
252.205000,301.530000,253.532000,333.288000,254.765000,364.931000,255.924000,397.027000,223.376000,419.826000,239.227000,424.695000,255.237000,428.420000,271.658000,424.158000,286.599000,419.340000
239.966000,316.489000,240.977000,346.346000,241.911000,376.057000,242.709000,406.157000,206.854000,425.623000,224.063000,431.241000,241.102000,435.834000,258.154000,431.453000,273.858000,427.015000
254.957000,347.083000,255.334000,380.285000,255.872000,412.998000,256.468000,445.943000,220.066000,460.478000,236.770000,466.622000,253.273000,471.709000,269.673000,467.654000,284.503000,462.565000
284.939000,320.493000,286.112000,353.602000,287.257000,386.591000,288.359000,419.768000,253.492000,433.130000,270.108000,439.818000,286.899000,444.625000,303.494000,439.407000,318.539000,433.285000
284.389000,309.121000,283.306000,341.496000,282.374000,373.499000,281.376000,406.270000,245.428000,427.309000,262.814000,434.094000,280.194000,439.730000,298.223000,435.197000,314.673000,430.190000
282.666000,338.316000,282.527000,374.423000,282.549000,410.273000,282.557000,446.459000,243.335000,461.542000,261.588000,469.042000,280.018000,475.498000,298.581000,470.204000,315.305000,464.278000
263.491000,297.963000,263.798000,329.884000,264.051000,361.849000,264.356000,394.253000,228.902000,412.037000,245.757000,418.306000,262.952000,423.207000,280.173000,418.366000,295.744000,412.899000
276.725000,327.183000,276.645000,359.451000,276.694000,391.518000,276.691000,424.002000,237.873000,439.628000,255.021000,446.324000,272.288000,451.876000,289.511000,447.615000,305.229000,442.743000
319.202000,429.666000,319.072000,471.868000,318.954000,514.110000,319.158000,556.688000,273.730000,575.905000,295.857000,584.791000,318.245000,591.625000,341.131000,584.259000,362.129000,576.469000
334.155000,430.568000,334.355000,480.725000,334.744000,530.364000,335.411000,579.492000,285.227000,591.434000,308.368000,602.098000,332.589000,610.798000,357.333000,602.519000,379.467000,593.578000
334.006000,422.394000,335.775000,464.902000,337.266000,507.596000,338.734000,550.744000,293.970000,574.434000,317.009000,582.428000,340.281000,588.415000,363.668000,580.750000,385.125000,572.678000
324.068000,423.238000,324.063000,472.981000,324.088000,522.618000,324.292000,572.128000,278.470000,585.460000,299.817000,596.033000,322.846000,604.365000,347.046000,596.324000,368.543000,587.415000
319.338000,407.230000,321.236000,447.535000,323.110000,487.628000,324.826000,529.257000,280.233000,564.577000,302.911000,571.357000,325.482000,576.869000,348.336000,570.342000,369.363000,563.186000
338.975000,375.991000,340.423000,418.332000,341.966000,460.532000,343.586000,503.599000,297.102000,528.681000,319.802000,536.376000,342.470000,543.126000,365.176000,535.730000,385.827000,527.864000
143.744000,180.929000,143.829000,196.731000,143.881000,212.664000,144.063000,229.071000,123.431000,238.837000,133.267000,242.327000,143.442000,245.103000,153.728000,242.151000,163.050000,238.835000
242.184000,336.993000,242.480000,369.184000,242.501000,402.479000,242.580000,436.217000,210.215000,449.529000,225.633000,456.680000,242.224000,461.236000,259.570000,456.277000,275.401000,449.443000
349.513000,430.866000,347.056000,483.782000,345.180000,535.520000,343.654000,587.573000,292.320000,606.602000,317.331000,616.648000,342.147000,626.249000,367.747000,619.112000,390.762000,610.067000
252.117000,317.058000,252.364000,350.164000,252.660000,382.999000,253.227000,416.192000,219.064000,433.931000,235.888000,440.075000,253.256000,445.306000,271.038000,439.433000,287.169000,433.234000
332.552000,437.126000,334.547000,488.068000,336.785000,538.381000,339.106000,588.936000,290.980000,610.908000,314.481000,619.814000,338.773000,627.246000,363.162000,618.639000,384.901000,608.476000
327.503000,417.324000,329.262000,459.986000,330.816000,502.414000,332.596000,545.546000,287.843000,579.310000,310.246000,585.009000,333.648000,589.776000,357.192000,583.080000,378.585000,576.228000
396.743000,451.592000,399.167000,496.046000,401.362000,541.191000,403.423000,586.963000,356.476000,611.438000,379.179000,620.039000,402.734000,626.147000,426.714000,617.941000,448.805000,608.958000
300.991000,366.597000,299.957000,408.154000,298.730000,449.720000,297.651000,491.870000,255.304000,521.237000,277.553000,528.624000,299.858000,535.027000,323.162000,529.031000,344.708000,522.606000
360.719000,401.443000,358.116000,445.794000,355.691000,490.127000,353.638000,535.109000,305.045000,555.293000,328.092000,565.104000,351.954000,573.627000,377.089000,567.466000,399.619000,559.298000
347.604000,413.096000,349.267000,458.041000,350.551000,504.472000,352.008000,550.927000,306.547000,566.767000,328.857000,576.331000,352.865000,582.865000,377.035000,574.136000,399.265000,564.479000
322.045000,419.297000,323.645000,467.180000,324.958000,514.812000,326.384000,562.866000,284.450000,588.510000,306.466000,597.012000,329.925000,603.202000,354.292000,595.095000,376.141000,586.333000
349.475000,377.144000,351.534000,417.700000,353.488000,458.067000,355.377000,498.907000,309.182000,524.250000,332.073000,531.373000,355.120000,536.868000,377.654000,529.782000,398.236000,522.582000
320.299000,379.862000,320.665000,421.089000,321.174000,462.212000,321.637000,504.022000,275.672000,525.903000,297.530000,534.246000,319.881000,541.238000,342.325000,534.626000,362.674000,527.156000
307.178000,352.103000,305.621000,398.036000,304.310000,443.665000,302.922000,488.676000,251.904000,489.585000,272.929000,502.637000,294.942000,512.643000,317.142000,504.363000,336.035000,495.399000
219.883000,251.772000,220.122000,282.238000,220.330000,312.649000,220.610000,343.107000,184.694000,346.702000,200.952000,355.092000,217.918000,361.931000,234.861000,355.392000,249.795000,348.906000
275.810000,457.601000,278.340000,503.186000,280.520000,548.192000,282.824000,592.975000,251.257000,607.073000,272.921000,615.564000,295.072000,621.279000,316.847000,610.270000,338.321000,599.984000
229.467000,284.490000,227.133000,327.790000,224.942000,370.962000,222.934000,414.203000,191.278000,425.833000,208.538000,434.424000,226.853000,441.075000,246.168000,435.621000,263.986000,427.890000
242.499000,311.541000,243.488000,341.089000,244.516000,370.619000,245.809000,400.460000,215.136000,408.708000,230.051000,415.763000,245.604000,421.311000,261.399000,415.613000,275.413000,408.950000
370.096000,563.520000,371.346000,627.824000,372.249000,692.027000,373.165000,755.528000,312.133000,766.025000,341.058000,780.290000,370.796000,791.009000,400.537000,779.977000,427.476000,768.151000
237.907000,293.952000,236.613000,323.261000,235.365000,352.416000,234.175000,381.895000,205.423000,395.488000,219.059000,401.442000,232.945000,406.338000,247.580000,402.629000,260.875000,397.744000
254.706000,278.248000,253.398000,307.954000,252.224000,337.448000,251.250000,366.928000,222.870000,373.589000,235.629000,380.479000,249.249000,385.978000,263.509000,381.845000,276.156000,376.486000
234.850000,281.053000,235.145000,314.427000,235.625000,347.387000,236.424000,380.871000,203.203000,406.084000,220.460000,411.062000,238.031000,415.201000,256.186000,410.543000,272.454000,404.310000
234.980000,249.552000,235.402000,275.891000,235.872000,302.133000,236.555000,328.823000,208.127000,345.475000,222.424000,350.107000,236.957000,353.926000,251.538000,349.427000,264.731000,344.207000
281.956000,408.603000,279.860000,455.584000,277.890000,502.284000,276.143000,550.055000,229.676000,580.153000,251.491000,588.672000,273.496000,596.326000,296.976000,590.826000,318.409000,584.160000
139.501000,171.580000,139.356000,189.198000,139.219000,206.630000,139.105000,224.268000,120.258000,232.738000,129.442000,236.262000,138.828000,238.941000,148.356000,236.410000,157.055000,233.433000
256.304000,295.118000,257.278000,331.576000,258.097000,367.812000,258.826000,404.478000,223.471000,420.149000,240.523000,427.671000,257.965000,433.341000,275.514000,427.573000,291.373000,421.209000
252.653000,264.171000,252.041000,285.401000,251.426000,306.397000,250.864000,328.297000,221.510000,352.497000,236.228000,356.791000,251.026000,360.123000,266.180000,356.757000,280.053000,352.776000
145.173000,175.269000,146.165000,190.923000,147.209000,206.448000,148.268000,222.317000,128.961000,232.551000,137.886000,235.388000,146.877000,237.591000,155.587000,234.994000,163.380000,231.959000
316.564000,362.970000,316.623000,402.027000,316.643000,441.097000,316.592000,480.549000,278.809000,504.816000,296.910000,511.682000,315.654000,516.884000,335.133000,512.259000,352.927000,506.455000
351.208000,449.611000,352.348000,498.723000,353.618000,547.812000,354.622000,597.439000,302.612000,625.933000,327.372000,634.881000,351.900000,642.419000,376.371000,634.881000,398.687000,626.331000
294.386000,374.318000,293.776000,408.141000,293.131000,442.412000,292.799000,477.033000,254.153000,493.966000,272.316000,501.110000,291.312000,506.276000,310.620000,501.096000,328.346000,494.385000
131.832000,157.251000,131.691000,172.601000,131.577000,187.771000,131.530000,203.309000,114.021000,214.070000,123.122000,216.988000,132.131000,219.477000,141.281000,216.845000,149.687000,214.085000
508.559000,696.572000,506.461000,764.958000,504.816000,833.136000,503.193000,902.436000,430.321000,936.295000,465.885000,951.439000,501.880000,964.426000,540.200000,954.669000,574.955000,944.137000
255.115000,317.762000,255.627000,349.092000,256.097000,380.503000,256.523000,412.626000,218.924000,432.764000,237.443000,439.882000,256.039000,445.323000,274.564000,439.177000,291.448000,433.054000
210.479000,294.119000,210.355000,318.888000,209.832000,344.101000,209.514000,369.997000,183.823000,389.757000,197.466000,394.506000,212.076000,397.640000,227.297000,392.999000,241.473000,387.410000
702.032000,894.743000,706.940000,992.982000,711.345000,1090.670000,716.229000,1187.930000,612.556000,1198.030000,661.251000,1219.960000,712.357000,1237.970000,762.782000,1217.610000,807.612000,1198.200000
238.127000,334.838000,239.533000,375.829000,240.853000,416.538000,242.532000,457.154000,214.131000,472.502000,231.780000,479.460000,250.166000,484.680000,269.019000,476.859000,286.502000,467.978000
301.976000,399.707000,302.749000,434.213000,303.455000,468.982000,304.450000,504.008000,267.686000,518.937000,285.682000,525.853000,304.020000,531.435000,322.501000,525.292000,339.110000,518.946000
348.615000,446.175000,348.347000,483.912000,348.101000,521.570000,348.172000,559.744000,303.263000,574.492000,324.000000,582.881000,345.227000,590.180000,367.025000,583.209000,386.678000,576.782000
280.639000,364.490000,281.362000,395.633000,281.955000,426.703000,282.553000,458.129000,250.362000,471.596000,266.946000,477.960000,283.453000,483.179000,299.869000,477.565000,315.069000,472.256000
470.740000,491.484000,470.690000,537.766000,470.632000,583.347000,470.688000,629.395000,419.086000,654.203000,443.633000,663.092000,468.538000,670.544000,493.137000,664.374000,515.557000,658.211000
749.778000,791.027000,748.600000,853.081000,747.405000,914.912000,745.988000,978.640000,682.245000,1037.340000,714.864000,1046.760000,746.180000,1055.400000,780.204000,1047.880000,811.679000,1039.030000
302.480000,319.654000,301.537000,346.942000,300.799000,373.942000,300.014000,401.235000,265.311000,410.387000,280.100000,417.167000,294.696000,423.133000,309.356000,419.789000,322.474000,415.756000
385.977000,427.961000,386.124000,463.093000,386.209000,498.244000,386.353000,533.570000,348.956000,549.258000,366.218000,555.995000,383.389000,561.459000,400.754000,556.555000,416.579000,551.414000
389.050000,437.016000,386.346000,480.392000,384.328000,522.916000,382.949000,566.031000,332.849000,587.211000,356.531000,595.873000,380.634000,604.225000,405.305000,597.701000,427.653000,589.821000
186.146000,248.920000,185.926000,271.601000,185.641000,294.341000,185.463000,317.138000,162.611000,322.158000,173.238000,327.543000,184.470000,331.445000,196.021000,327.741000,206.372000,323.339000
353.153000,438.134000,351.248000,475.369000,349.394000,512.566000,347.577000,550.548000,307.985000,575.897000,328.444000,583.452000,348.816000,589.737000,370.200000,584.295000,390.026000,578.573000
642.421000,834.585000,640.349000,902.578000,638.133000,972.631000,636.302000,1042.730000,566.023000,1072.700000,598.962000,1086.840000,634.213000,1096.270000,670.294000,1087.440000,703.982000,1075.350000
639.912000,786.758000,640.054000,859.723000,640.376000,932.415000,640.656000,1006.200000,568.658000,1043.880000,603.996000,1057.790000,639.168000,1069.080000,675.578000,1058.530000,708.817000,1046.890000
762.958000,1073.220000,764.931000,1154.740000,766.711000,1237.110000,768.713000,1319.080000,675.559000,1340.790000,720.576000,1359.230000,766.881000,1372.940000,812.168000,1355.070000,853.539000,1337.230000
542.938000,593.484000,544.849000,657.346000,546.531000,720.747000,548.056000,784.742000,487.435000,824.490000,518.011000,834.931000,548.562000,842.619000,579.290000,833.464000,607.560000,823.896000
871.189000,1099.340000,865.814000,1192.200000,861.035000,1284.720000,855.284000,1379.240000,774.872000,1418.960000,815.891000,1438.030000,857.253000,1450.490000,899.776000,1440.530000,940.476000,1422.100000
709.174000,873.580000,711.719000,942.144000,713.735000,1010.970000,715.545000,1081.850000,636.821000,1141.640000,676.436000,1152.820000,715.375000,1161.410000,755.940000,1151.550000,793.652000,1140.850000
583.563000,682.416000,585.952000,745.524000,588.233000,807.787000,590.268000,871.296000,530.131000,921.999000,562.775000,930.598000,595.546000,937.875000,628.327000,929.620000,658.611000,919.367000
266.436000,291.899000,266.870000,324.286000,267.471000,356.277000,268.299000,388.601000,236.548000,404.095000,252.130000,409.734000,267.749000,414.518000,283.424000,409.800000,297.737000,403.939000
608.335000,703.200000,612.596000,770.866000,616.429000,838.192000,619.947000,906.171000,558.375000,947.395000,588.116000,956.966000,618.845000,964.900000,649.525000,954.861000,676.398000,944.265000
243.380000,290.257000,242.397000,321.540000,241.568000,352.422000,240.756000,384.033000,207.198000,401.712000,223.757000,408.361000,240.334000,414.022000,257.839000,409.543000,273.853000,404.336000
635.813000,774.440000,637.221000,838.675000,638.610000,903.253000,640.046000,968.434000,555.143000,1001.470000,595.632000,1016.220000,634.846000,1028.150000,673.477000,1017.000000,708.485000,1006.630000
668.332000,881.998000,663.547000,971.163000,658.449000,1062.170000,653.547000,1152.880000,581.540000,1183.060000,618.850000,1199.470000,659.279000,1211.750000,702.423000,1198.780000,742.880000,1183.960000
711.276000,853.150000,715.446000,922.665000,719.572000,991.044000,724.092000,1060.430000,641.345000,1108.030000,686.036000,1119.360000,729.713000,1128.690000,772.515000,1113.150000,811.483000,1097.840000
485.242000,560.453000,486.736000,618.745000,488.480000,676.739000,490.029000,735.498000,438.063000,784.454000,465.555000,792.564000,493.723000,799.088000,523.060000,789.949000,549.252000,780.365000
581.343000,645.514000,584.369000,702.745000,586.909000,759.988000,588.757000,818.634000,534.103000,858.010000,561.945000,867.759000,589.538000,874.672000,617.690000,866.873000,643.937000,859.246000
528.983000,606.598000,529.956000,661.952000,530.922000,716.758000,531.876000,772.048000,477.551000,797.010000,502.701000,806.675000,527.221000,814.659000,552.163000,808.513000,574.928000,801.351000
766.423000,917.085000,762.817000,1010.920000,758.694000,1105.110000,754.794000,1199.580000,674.761000,1234.840000,712.433000,1252.890000,752.982000,1267.810000,796.420000,1254.880000,834.411000,1241.130000
721.467000,916.362000,721.289000,982.198000,721.320000,1047.520000,720.525000,1114.330000,641.224000,1176.500000,682.588000,1188.000000,721.597000,1197.500000,760.297000,1189.530000,796.968000,1181.030000
666.180000,768.125000,665.410000,845.401000,664.196000,922.939000,662.649000,1000.810000,578.648000,1052.160000,623.849000,1065.820000,669.481000,1076.330000,713.996000,1065.020000,755.860000,1053.750000
633.741000,708.846000,638.934000,780.952000,643.546000,852.820000,647.081000,925.760000,561.880000,982.913000,604.410000,995.830000,644.991000,1006.010000,683.120000,994.978000,719.608000,984.980000
651.653000,823.433000,652.563000,913.692000,652.883000,1004.150000,652.609000,1095.100000,559.099000,1122.430000,603.568000,1141.310000,647.838000,1156.330000,692.381000,1143.190000,733.225000,1129.680000
582.346000,693.932000,582.431000,758.069000,582.274000,822.380000,581.969000,887.749000,518.567000,940.482000,553.127000,951.516000,588.245000,960.170000,624.343000,949.717000,658.440000,938.838000
674.855000,758.395000,675.873000,821.402000,676.717000,884.509000,676.263000,949.728000,606.096000,1023.500000,643.770000,1034.110000,681.568000,1041.670000,718.666000,1032.680000,753.712000,1021.720000
597.986000,689.795000,597.417000,755.142000,596.699000,820.630000,595.590000,887.306000,526.311000,939.435000,563.580000,950.857000,599.066000,960.109000,633.484000,952.146000,666.041000,943.745000
238.554000,230.177000,237.407000,255.150000,236.476000,279.939000,235.507000,305.427000,201.842000,324.483000,216.621000,329.844000,231.179000,334.651000,246.255000,332.253000,259.870000,328.762000
725.351000,799.842000,727.481000,868.658000,729.778000,937.417000,731.778000,1006.610000,650.467000,1056.050000,685.988000,1068.190000,722.483000,1076.410000,759.376000,1068.370000,792.034000,1059.080000
594.943000,696.482000,597.936000,753.324000,600.849000,809.894000,603.622000,867.664000,528.604000,913.524000,563.064000,924.504000,597.227000,933.117000,631.310000,924.488000,661.579000,914.398000
658.008000,812.269000,657.291000,871.436000,656.044000,931.187000,654.357000,992.757000,584.051000,1037.130000,617.189000,1048.930000,649.743000,1059.170000,683.853000,1051.970000,715.098000,1044.520000
605.055000,709.256000,600.782000,768.564000,596.079000,829.151000,591.468000,890.170000,526.920000,926.735000,555.584000,937.935000,586.452000,946.645000,618.244000,940.844000,647.536000,933.061000
461.338000,531.175000,462.773000,580.347000,463.987000,629.749000,464.938000,679.629000,406.059000,711.145000,435.501000,721.331000,465.769000,728.654000,495.409000,720.327000,522.795000,711.654000
583.509000,673.799000,586.612000,728.787000,589.598000,784.677000,592.062000,841.649000,533.493000,887.401000,562.143000,896.899000,591.200000,903.234000,620.621000,894.626000,647.675000,883.066000
282.569000,340.636000,282.036000,374.227000,281.490000,407.391000,281.074000,441.117000,251.433000,467.404000,267.635000,472.441000,284.045000,476.623000,301.264000,471.912000,317.187000,466.305000
183.115000,242.204000,183.665000,265.894000,184.127000,289.469000,184.699000,313.130000,161.722000,320.338000,172.801000,325.355000,184.445000,328.967000,196.215000,324.867000,206.771000,320.093000
505.448000,581.414000,508.198000,628.138000,510.217000,676.083000,511.818000,724.854000,463.498000,754.275000,486.670000,762.487000,511.331000,768.078000,536.601000,759.904000,559.967000,751.580000
201.143000,260.319000,200.929000,286.044000,200.614000,311.709000,200.422000,337.517000,174.432000,345.319000,187.071000,351.310000,200.374000,356.020000,214.166000,351.324000,226.684000,346.446000
607.299000,665.904000,610.023000,733.939000,612.756000,801.783000,615.192000,870.429000,547.867000,909.910000,578.267000,922.138000,610.137000,931.923000,641.904000,921.687000,669.468000,910.834000
650.421000,773.463000,652.813000,847.871000,655.318000,921.491000,657.812000,996.436000,580.147000,1054.470000,621.038000,1063.680000,660.886000,1072.700000,700.087000,1062.820000,736.173000,1051.620000
227.587000,263.372000,228.193000,290.080000,228.766000,316.691000,229.419000,343.899000,201.219000,359.789000,215.014000,364.781000,228.948000,368.779000,242.970000,364.523000,255.575000,359.532000
536.281000,679.093000,538.984000,734.443000,541.559000,789.790000,544.100000,847.323000,473.724000,893.436000,509.703000,903.167000,544.442000,910.857000,578.453000,901.341000,609.977000,891.398000
766.599000,934.872000,769.351000,1004.790000,771.392000,1075.500000,773.012000,1147.690000,691.159000,1212.110000,732.848000,1221.490000,776.518000,1228.280000,820.557000,1217.240000,861.952000,1204.690000
869.763000,1075.230000,866.555000,1189.250000,862.954000,1303.230000,860.175000,1417.930000,752.281000,1478.480000,806.951000,1497.410000,862.333000,1514.970000,919.238000,1501.120000,971.198000,1487.130000
1310.030000,1576.180000,1305.800000,1735.990000,1300.720000,1895.110000,1296.320000,2056.530000,1127.650000,2148.030000,1209.720000,2175.760000,1289.140000,2197.870000,1368.930000,2177.410000,1442.790000,2155.360000
209.287000,279.880000,209.393000,306.904000,209.466000,333.798000,209.784000,361.161000,181.301000,376.552000,195.326000,381.558000,209.537000,385.748000,224.031000,381.334000,237.240000,376.426000
569.430000,691.163000,569.717000,758.070000,569.858000,824.748000,569.715000,890.820000,510.196000,933.417000,540.973000,943.592000,572.531000,950.870000,605.248000,942.183000,634.803000,931.748000
636.879000,734.760000,637.699000,824.169000,638.141000,913.074000,638.784000,1001.930000,558.089000,1033.390000,596.792000,1049.260000,636.917000,1063.160000,677.729000,1048.960000,713.179000,1034.530000
604.660000,702.367000,608.424000,771.877000,611.582000,841.890000,613.846000,912.430000,546.908000,953.008000,578.937000,965.912000,612.824000,973.622000,647.311000,963.950000,678.738000,954.102000
773.826000,935.085000,773.501000,1019.100000,773.148000,1105.230000,772.653000,1191.940000,680.786000,1242.760000,724.327000,1256.470000,769.926000,1266.030000,815.105000,1255.850000,856.922000,1241.560000
666.718000,750.188000,668.981000,819.622000,669.913000,889.945000,669.615000,961.010000,601.450000,1032.620000,637.776000,1040.890000,676.497000,1046.790000,717.364000,1035.840000,755.480000,1025.760000
603.145000,723.102000,603.523000,795.749000,604.189000,867.365000,604.627000,939.418000,533.299000,974.163000,569.596000,987.984000,606.750000,998.408000,643.509000,987.465000,677.659000,974.178000
617.861000,678.773000,614.941000,730.537000,612.402000,782.035000,610.254000,835.816000,532.448000,906.706000,570.133000,914.172000,606.502000,923.333000,644.043000,916.010000,679.308000,907.497000
694.881000,750.603000,693.614000,825.578000,691.955000,899.905000,690.037000,975.130000,606.176000,1026.750000,647.203000,1040.820000,687.996000,1052.730000,729.904000,1042.890000,768.606000,1032.870000
248.990000,269.642000,248.887000,312.576000,248.881000,355.147000,249.170000,397.440000,202.109000,402.064000,224.121000,413.383000,247.520000,422.287000,270.761000,412.913000,291.396000,403.908000
611.402000,727.342000,608.588000,787.324000,605.635000,847.443000,602.628000,910.358000,524.538000,983.419000,564.471000,992.043000,601.660000,1001.070000,640.860000,994.701000,677.385000,987.965000
281.446000,346.153000,283.606000,380.652000,285.722000,414.969000,287.971000,449.483000,254.611000,464.367000,271.159000,470.202000,287.980000,474.858000,304.483000,468.790000,319.339000,461.903000
273.048000,351.606000,273.509000,379.969000,273.888000,408.109000,274.471000,436.420000,249.419000,448.923000,262.200000,454.130000,275.786000,458.198000,289.941000,453.407000,302.720000,447.921000
749.914000,933.245000,747.183000,1018.010000,744.040000,1101.720000,741.537000,1187.480000,656.445000,1236.280000,696.811000,1251.500000,739.834000,1264.280000,785.446000,1253.320000,826.835000,1240.370000
618.541000,809.585000,618.321000,879.334000,618.063000,948.774000,617.693000,1019.070000,548.748000,1062.720000,581.434000,1075.090000,614.536000,1084.980000,649.771000,1076.420000,681.744000,1067.110000
570.379000,675.222000,570.585000,733.926000,570.572000,792.736000,570.055000,853.107000,510.417000,902.176000,537.742000,912.647000,565.022000,919.932000,594.684000,913.710000,621.639000,904.928000
146.869000,193.385000,147.080000,215.417000,147.321000,237.291000,147.719000,259.329000,124.785000,268.880000,136.013000,273.091000,147.519000,276.562000,159.016000,272.882000,169.367000,268.590000
130.429000,185.613000,131.119000,203.688000,131.821000,221.686000,132.633000,239.902000,112.989000,249.070000,122.687000,252.357000,132.493000,254.886000,142.172000,251.678000,150.942000,248.027000
575.789000,700.007000,576.708000,761.841000,577.611000,823.763000,578.325000,887.429000,515.993000,934.668000,547.070000,945.698000,577.434000,954.180000,607.948000,944.961000,636.122000,935.111000
270.157000,335.990000,272.091000,379.597000,274.002000,423.183000,276.317000,466.381000,235.484000,473.325000,255.636000,482.727000,276.985000,489.759000,298.223000,480.636000,317.277000,471.039000
875.042000,1038.090000,876.031000,1125.650000,876.889000,1212.620000,877.764000,1302.810000,782.593000,1389.520000,830.722000,1403.960000,878.706000,1414.800000,929.066000,1402.810000,975.672000,1387.960000
795.239000,1023.830000,796.649000,1102.330000,797.490000,1182.870000,799.113000,1265.840000,700.974000,1338.910000,747.792000,1353.990000,796.668000,1364.780000,847.243000,1352.510000,893.145000,1334.630000
687.183000,770.714000,687.858000,839.433000,688.440000,907.780000,689.140000,978.288000,613.134000,1037.960000,649.338000,1049.270000,685.872000,1058.700000,723.965000,1049.200000,758.504000,1038.250000
254.451000,305.874000,254.975000,332.054000,255.496000,357.947000,255.964000,384.672000,224.778000,408.349000,239.987000,413.041000,254.930000,416.650000,269.975000,412.980000,283.883000,408.650000
224.996000,288.827000,224.696000,321.895000,224.388000,354.935000,224.139000,388.575000,187.474000,411.419000,206.610000,418.402000,226.169000,424.272000,246.775000,418.839000,265.375000,413.189000
249.505000,323.086000,248.433000,355.417000,247.469000,387.548000,246.746000,420.178000,214.770000,437.581000,231.291000,443.804000,248.134000,449.282000,265.884000,444.089000,282.064000,438.248000
214.637000,248.233000,214.973000,273.002000,215.335000,297.550000,215.697000,322.811000,188.618000,339.775000,201.505000,344.544000,214.358000,348.392000,227.515000,344.845000,239.470000,340.573000
300.811000,408.107000,298.946000,452.399000,297.014000,496.644000,295.200000,541.139000,248.839000,559.822000,271.025000,569.729000,294.220000,577.876000,318.157000,571.653000,339.757000,564.581000
285.848000,294.788000,289.029000,323.850000,292.219000,353.410000,295.177000,383.593000,257.233000,399.480000,273.457000,405.420000,289.924000,409.479000,305.259000,404.110000,318.924000,398.094000
252.988000,262.675000,253.314000,290.197000,253.612000,317.585000,253.810000,345.794000,218.821000,368.173000,234.959000,373.644000,251.191000,378.327000,267.750000,374.465000,282.706000,370.056000
244.889000,297.096000,246.582000,328.965000,248.267000,360.465000,249.949000,392.337000,209.804000,407.256000,228.938000,413.671000,248.283000,418.842000,266.695000,412.788000,283.345000,406.956000
286.827000,349.824000,288.473000,382.630000,290.268000,415.107000,292.110000,448.115000,248.731000,468.724000,269.217000,474.778000,289.565000,479.828000,309.183000,473.746000,326.924000,467.768000
235.095000,278.204000,236.561000,309.258000,237.800000,340.221000,239.129000,371.726000,205.735000,393.728000,224.303000,398.761000,243.023000,402.639000,261.578000,395.344000,279.042000,389.327000
222.337000,278.361000,223.127000,304.409000,223.763000,330.612000,224.359000,357.220000,196.591000,371.213000,209.802000,376.383000,223.640000,380.040000,237.709000,375.725000,250.528000,370.622000
205.943000,243.256000,206.568000,266.635000,207.101000,289.883000,207.598000,313.648000,179.129000,329.985000,193.252000,334.670000,207.432000,338.399000,221.589000,334.150000,234.619000,330.137000
195.282000,230.157000,194.842000,250.989000,194.485000,271.837000,194.275000,293.469000,166.570000,307.595000,179.356000,312.352000,192.491000,316.312000,205.981000,312.834000,218.161000,308.495000
238.249000,285.115000,236.977000,311.056000,235.732000,336.856000,234.582000,363.232000,206.789000,383.315000,220.080000,388.360000,234.040000,392.290000,248.729000,389.065000,261.976000,385.230000
251.785000,307.851000,252.044000,341.336000,252.420000,374.531000,252.851000,408.225000,218.190000,423.987000,234.904000,430.577000,252.072000,435.921000,269.396000,430.518000,285.013000,424.143000
229.783000,338.864000,229.429000,372.208000,229.054000,405.551000,228.820000,439.527000,195.089000,456.577000,213.098000,463.990000,231.840000,469.808000,251.284000,463.301000,269.034000,456.341000
188.330000,261.286000,189.967000,285.430000,191.592000,309.465000,193.295000,333.673000,169.221000,345.735000,181.490000,349.778000,194.137000,352.562000,206.400000,348.108000,217.483000,343.060000
301.090000,270.994000,303.830000,308.911000,307.188000,346.034000,310.635000,383.443000,264.054000,399.327000,282.729000,405.480000,301.244000,411.125000,318.512000,406.053000,333.081000,398.755000
193.221000,210.509000,192.251000,231.523000,191.464000,252.224000,190.960000,273.365000,165.118000,284.322000,177.328000,288.880000,189.583000,292.923000,202.078000,289.882000,213.419000,286.171000
241.311000,269.833000,241.520000,300.273000,241.721000,330.583000,241.854000,361.425000,208.338000,380.004000,224.323000,386.045000,240.319000,391.007000,256.644000,386.446000,271.537000,381.791000
231.466000,243.156000,231.216000,268.774000,231.224000,293.889000,231.311000,319.650000,201.493000,335.648000,215.626000,340.672000,229.665000,345.223000,243.842000,341.424000,256.519000,336.675000
292.980000,382.530000,293.239000,416.574000,293.706000,450.490000,294.179000,484.858000,249.131000,505.528000,269.367000,512.403000,289.332000,518.182000,309.022000,513.089000,326.491000,507.877000
290.479000,379.071000,292.038000,420.823000,293.495000,463.998000,294.695000,508.158000,248.617000,530.135000,270.988000,539.808000,294.001000,546.543000,317.500000,539.171000,338.999000,529.154000
239.577000,304.734000,239.146000,332.487000,238.798000,359.971000,238.583000,388.030000,205.958000,404.289000,221.883000,409.832000,238.061000,414.713000,254.894000,410.175000,270.142000,405.384000
190.514000,248.661000,189.992000,273.345000,189.334000,297.625000,188.804000,322.591000,166.671000,342.734000,179.145000,346.627000,191.932000,349.655000,205.798000,345.783000,218.535000,341.113000
265.220000,313.187000,265.214000,348.239000,265.115000,383.123000,264.804000,418.314000,230.062000,439.919000,246.928000,446.685000,264.554000,451.729000,282.759000,446.702000,299.334000,441.355000
193.372000,256.467000,193.843000,281.289000,194.155000,305.995000,194.449000,330.932000,170.613000,346.625000,182.991000,351.110000,195.997000,354.120000,209.371000,350.132000,221.532000,345.939000
220.339000,296.015000,220.548000,328.271000,220.662000,360.254000,220.913000,392.412000,188.272000,405.003000,204.006000,411.635000,220.717000,416.617000,237.669000,410.971000,252.789000,404.930000
206.008000,269.436000,205.764000,293.725000,205.471000,317.967000,205.177000,342.969000,176.905000,363.402000,190.501000,367.992000,204.091000,371.602000,218.136000,368.417000,230.950000,364.548000
218.540000,261.656000,218.183000,286.507000,217.757000,311.711000,217.424000,337.420000,190.697000,353.056000,203.716000,358.099000,217.427000,361.805000,231.770000,358.313000,244.971000,353.670000
285.493000,286.850000,284.143000,318.724000,283.161000,350.319000,282.157000,382.387000,238.718000,404.648000,257.569000,411.687000,276.317000,418.030000,295.338000,414.547000,312.417000,410.089000
200.334000,238.013000,200.681000,266.996000,201.060000,295.853000,201.534000,325.094000,173.790000,336.682000,187.448000,342.725000,201.336000,347.753000,215.691000,343.409000,228.535000,338.199000
251.083000,294.847000,249.863000,326.376000,248.809000,357.543000,247.807000,389.246000,209.309000,403.937000,226.388000,411.315000,243.612000,417.554000,261.338000,414.071000,277.316000,409.420000
221.637000,258.844000,223.181000,286.883000,224.587000,315.247000,226.186000,343.865000,196.529000,357.725000,210.933000,362.944000,226.497000,366.705000,242.029000,361.050000,255.806000,354.930000
195.149000,266.664000,194.683000,292.396000,194.197000,318.168000,193.799000,344.447000,166.903000,358.962000,180.207000,364.180000,193.620000,368.394000,207.640000,364.670000,220.425000,360.304000
252.916000,349.102000,252.854000,388.076000,253.025000,426.471000,253.592000,465.033000,216.523000,477.670000,234.836000,485.321000,254.000000,491.647000,273.180000,485.370000,290.605000,477.920000
256.206000,289.234000,255.446000,318.037000,254.668000,346.446000,254.260000,375.096000,221.953000,391.318000,238.375000,396.343000,254.440000,400.831000,270.433000,396.678000,285.237000,392.720000
307.417000,402.582000,309.936000,453.121000,311.879000,503.796000,313.700000,554.708000,275.243000,571.641000,296.348000,580.817000,318.727000,587.545000,341.777000,579.004000,363.310000,569.821000
247.647000,277.927000,246.773000,308.121000,246.148000,337.760000,245.406000,367.740000,210.411000,388.911000,226.817000,394.550000,242.820000,399.663000,259.119000,396.228000,273.997000,392.089000
255.784000,299.849000,255.646000,324.550000,255.500000,349.362000,255.251000,375.033000,221.089000,397.496000,237.501000,402.869000,253.407000,407.349000,269.246000,403.707000,283.840000,399.842000
233.860000,290.147000,233.026000,320.485000,232.184000,350.733000,231.496000,381.784000,199.049000,403.208000,215.018000,408.816000,231.026000,413.503000,247.728000,409.465000,262.955000,404.683000
279.416000,286.563000,278.130000,318.296000,277.018000,349.462000,275.751000,381.784000,238.346000,416.427000,256.645000,421.946000,274.922000,426.718000,294.162000,422.870000,311.957000,418.288000
220.190000,272.029000,221.678000,297.746000,222.956000,323.762000,224.124000,350.375000,195.064000,365.924000,208.560000,370.791000,222.074000,374.303000,235.463000,370.285000,247.713000,365.940000
219.557000,295.907000,218.071000,323.599000,216.571000,351.191000,215.127000,379.415000,185.454000,401.202000,200.459000,406.564000,215.917000,410.895000,232.489000,407.070000,247.614000,402.609000
187.394000,264.929000,187.120000,291.421000,186.805000,317.736000,186.584000,344.544000,158.500000,360.349000,172.909000,365.609000,187.430000,369.741000,202.254000,365.477000,215.887000,360.640000
239.625000,324.924000,239.122000,356.364000,238.891000,387.298000,239.153000,418.745000,207.670000,437.291000,223.751000,442.458000,239.833000,446.988000,256.290000,442.758000,271.265000,436.727000
265.392000,311.523000,266.469000,345.044000,267.465000,378.523000,268.513000,412.352000,237.253000,430.100000,253.357000,436.207000,270.055000,440.981000,287.213000,435.394000,302.691000,429.047000
263.165000,335.368000,262.228000,371.435000,261.294000,407.247000,260.338000,443.716000,226.841000,464.603000,244.081000,471.308000,261.927000,476.749000,280.862000,472.060000,298.327000,466.021000
275.437000,306.120000,277.204000,337.360000,278.868000,368.331000,280.328000,400.215000,245.943000,426.410000,262.459000,431.594000,278.539000,435.398000,294.702000,431.177000,309.498000,426.353000
285.755000,317.879000,286.611000,345.214000,287.236000,372.671000,287.655000,400.645000,252.728000,418.107000,268.681000,424.202000,284.700000,428.805000,300.557000,424.311000,315.096000,420.185000
250.271000,257.918000,251.346000,281.311000,252.403000,304.933000,253.580000,329.161000,223.443000,346.907000,238.031000,351.280000,253.067000,354.411000,267.881000,349.727000,281.396000,344.451000
264.796000,284.069000,264.205000,312.104000,263.728000,339.733000,263.230000,368.007000,235.421000,390.021000,249.365000,394.632000,263.164000,398.752000,277.689000,395.594000,291.051000,391.471000
302.219000,337.167000,302.337000,364.343000,302.406000,392.088000,302.237000,420.503000,267.491000,443.292000,282.529000,449.392000,298.051000,453.174000,314.483000,450.056000,329.425000,445.167000
252.118000,315.404000,251.843000,354.074000,251.431000,392.321000,251.153000,430.267000,219.808000,438.893000,234.352000,447.086000,250.844000,452.887000,268.216000,447.209000,283.289000,440.555000
234.717000,293.307000,235.383000,321.911000,236.116000,350.176000,237.043000,378.741000,204.308000,393.687000,220.326000,399.057000,236.557000,403.494000,252.618000,398.545000,267.216000,393.156000
197.555000,227.491000,198.187000,250.306000,198.780000,272.869000,199.275000,295.898000,172.829000,312.138000,185.392000,316.347000,198.011000,319.676000,210.578000,316.434000,222.040000,312.960000
190.357000,218.436000,190.614000,241.617000,190.957000,264.527000,191.285000,287.880000,164.395000,304.219000,177.188000,308.757000,190.209000,312.272000,203.270000,308.698000,215.041000,304.497000
225.538000,294.937000,224.549000,322.521000,223.279000,350.846000,222.220000,379.549000,194.212000,394.339000,208.305000,400.227000,223.807000,404.554000,240.515000,399.927000,255.708000,394.262000
257.894000,328.731000,257.574000,355.144000,257.249000,381.466000,257.049000,408.515000,224.451000,431.931000,240.519000,436.314000,256.977000,439.772000,273.827000,435.860000,289.380000,430.847000
218.403000,260.933000,217.599000,284.138000,216.565000,307.746000,215.821000,332.154000,189.176000,349.815000,202.404000,354.762000,216.823000,358.364000,232.004000,354.319000,245.678000,349.484000
212.540000,239.762000,213.371000,265.591000,214.118000,291.234000,214.644000,317.458000,185.069000,338.574000,199.428000,343.422000,213.708000,347.230000,228.283000,343.397000,241.650000,339.481000
231.851000,286.566000,232.272000,315.691000,232.640000,344.725000,232.955000,374.457000,197.569000,395.589000,215.152000,401.251000,232.636000,406.124000,250.316000,401.119000,266.436000,396.018000
245.623000,276.667000,244.490000,302.592000,243.346000,328.395000,242.056000,355.426000,207.721000,384.976000,224.768000,390.171000,241.506000,394.563000,258.926000,391.182000,275.110000,387.302000
225.741000,285.113000,225.625000,312.845000,225.739000,340.082000,226.112000,367.929000,195.101000,384.714000,209.823000,389.750000,224.660000,394.168000,239.868000,390.311000,253.431000,385.197000
257.869000,298.883000,258.859000,331.657000,259.975000,364.091000,261.137000,396.929000,223.819000,414.443000,241.975000,420.342000,259.692000,425.482000,276.973000,420.160000,292.602000,414.426000
313.335000,367.965000,312.051000,409.251000,310.957000,450.059000,310.064000,491.758000,267.333000,516.659000,288.297000,524.183000,309.078000,530.892000,330.616000,526.368000,350.549000,520.898000
283.548000,297.822000,283.870000,328.911000,284.217000,359.662000,284.464000,391.219000,248.662000,419.614000,265.415000,425.261000,282.385000,429.770000,299.752000,425.529000,315.504000,420.951000
238.400000,276.548000,239.167000,296.734000,239.946000,317.240000,240.829000,338.866000,211.327000,365.141000,225.105000,368.347000,238.859000,370.645000,252.788000,367.715000,265.536000,363.700000
188.285000,257.309000,186.877000,280.518000,185.431000,303.626000,183.991000,327.389000,158.328000,346.348000,172.001000,351.423000,185.921000,355.442000,200.386000,351.820000,213.623000,347.761000
194.417000,229.975000,194.988000,251.859000,195.509000,273.863000,196.020000,296.654000,168.978000,316.538000,182.151000,321.009000,195.980000,324.187000,210.135000,320.265000,222.959000,315.267000
242.412000,306.703000,239.960000,335.877000,237.387000,364.957000,234.895000,394.505000,201.259000,411.697000,217.339000,418.696000,234.225000,424.458000,252.034000,420.567000,268.344000,416.445000
205.686000,251.362000,205.728000,276.709000,205.631000,302.114000,205.524000,328.106000,178.268000,343.721000,190.773000,348.794000,203.873000,352.929000,217.642000,349.356000,229.840000,345.098000
263.638000,298.922000,263.332000,329.876000,263.080000,360.557000,262.605000,391.929000,230.476000,416.293000,246.699000,421.649000,262.877000,425.817000,279.877000,422.121000,295.572000,417.393000
231.924000,257.016000,232.669000,281.105000,233.186000,305.234000,233.528000,330.210000,206.109000,353.538000,219.643000,357.824000,233.164000,360.753000,246.955000,357.532000,259.742000,354.175000
201.461000,246.597000,202.000000,270.724000,202.474000,294.817000,202.788000,319.357000,175.363000,334.294000,188.415000,339.333000,201.687000,343.057000,215.123000,339.283000,227.348000,335.255000
224.592000,277.035000,224.288000,304.628000,224.177000,331.633000,224.233000,359.467000,192.298000,383.837000,208.590000,388.421000,224.609000,392.399000,240.996000,388.403000,256.073000,383.703000
273.871000,341.628000,274.005000,375.720000,273.986000,410.053000,273.887000,444.972000,234.511000,465.992000,253.454000,473.172000,272.603000,479.039000,292.168000,473.968000,310.080000,468.814000
197.460000,259.060000,196.134000,286.011000,194.881000,312.769000,193.736000,340.024000,168.947000,354.810000,181.352000,360.269000,194.385000,364.688000,208.483000,361.104000,221.175000,356.092000
202.155000,250.235000,201.438000,276.981000,200.800000,303.420000,200.293000,330.410000,172.373000,347.459000,186.674000,352.617000,201.225000,356.885000,216.050000,352.622000,229.595000,347.583000
253.026000,332.859000,253.107000,362.745000,253.036000,392.696000,253.087000,423.079000,222.085000,442.688000,236.916000,448.000000,252.845000,451.927000,269.321000,447.327000,284.398000,441.712000
235.705000,264.073000,237.034000,291.270000,238.241000,318.482000,239.338000,346.463000,211.176000,369.069000,225.064000,373.794000,239.401000,377.032000,254.135000,372.733000,267.451000,367.674000
297.299000,369.720000,296.117000,407.634000,295.224000,445.119000,294.278000,483.692000,250.896000,507.472000,271.285000,515.702000,291.696000,522.983000,313.136000,517.858000,332.632000,511.193000
234.097000,275.137000,234.205000,302.897000,234.218000,330.570000,234.184000,358.483000,204.722000,371.136000,218.699000,376.889000,233.115000,381.409000,247.717000,377.029000,260.924000,372.414000
215.087000,262.839000,216.595000,290.347000,218.188000,317.488000,219.874000,345.076000,190.687000,362.379000,205.616000,367.102000,220.891000,370.702000,235.909000,365.161000,249.360000,358.972000
259.593000,283.578000,260.164000,310.367000,260.662000,337.328000,260.997000,365.092000,227.324000,385.627000,243.530000,391.355000,259.708000,396.023000,276.010000,391.395000,290.806000,386.757000
179.271000,221.031000,178.582000,243.532000,177.960000,265.704000,177.369000,288.368000,153.605000,304.383000,165.365000,308.797000,177.432000,312.330000,189.999000,309.078000,201.407000,305.178000
201.385000,253.390000,201.633000,281.920000,201.764000,310.364000,201.739000,339.167000,173.176000,356.920000,188.094000,362.384000,203.191000,366.530000,218.796000,362.044000,233.134000,357.053000
240.118000,284.844000,240.269000,310.598000,240.467000,336.197000,240.777000,362.656000,208.719000,384.656000,225.323000,389.474000,241.880000,393.420000,258.760000,388.642000,274.274000,383.446000
226.035000,285.018000,227.452000,308.542000,228.664000,332.000000,229.815000,356.292000,200.030000,377.197000,215.258000,381.403000,230.399000,384.474000,245.224000,379.988000,258.853000,375.556000
225.714000,277.455000,225.755000,301.744000,225.762000,325.997000,225.885000,350.874000,194.307000,368.489000,209.703000,373.184000,224.955000,377.164000,240.342000,373.481000,254.341000,369.477000
249.534000,311.549000,248.051000,340.994000,246.714000,370.308000,245.353000,400.402000,214.269000,427.159000,230.127000,432.669000,246.944000,436.913000,265.094000,432.503000,281.367000,427.043000
208.498000,198.484000,209.131000,218.824000,209.762000,239.071000,210.374000,260.007000,182.461000,278.057000,195.385000,282.091000,208.328000,285.369000,221.185000,282.173000,232.792000,278.802000
210.959000,261.143000,211.876000,286.795000,212.637000,312.802000,213.510000,339.476000,185.607000,354.642000,198.950000,359.845000,213.062000,363.573000,227.693000,358.975000,240.896000,353.519000
228.424000,265.918000,228.104000,292.649000,227.933000,319.100000,227.954000,346.061000,200.600000,361.180000,214.943000,366.108000,229.066000,370.352000,243.164000,366.424000,256.045000,361.312000
232.110000,254.961000,230.101000,287.736000,228.456000,319.867000,226.824000,352.443000,192.213000,370.622000,207.985000,377.356000,224.216000,383.281000,241.094000,379.508000,256.183000,374.145000
188.735000,233.692000,188.540000,254.950000,188.445000,275.979000,188.571000,297.504000,163.152000,311.885000,175.411000,315.771000,187.692000,319.134000,200.157000,315.922000,211.426000,312.128000
208.951000,204.197000,209.526000,224.027000,210.076000,243.730000,210.750000,264.035000,186.208000,280.116000,198.278000,283.649000,210.284000,286.346000,222.208000,283.114000,233.133000,279.369000
325.503000,372.714000,325.543000,407.834000,325.361000,442.749000,325.266000,478.426000,291.795000,503.247000,310.019000,509.431000,329.092000,514.073000,349.129000,508.222000,367.481000,501.775000
217.092000,285.744000,217.747000,311.438000,218.335000,336.913000,219.069000,362.527000,192.790000,375.233000,206.091000,379.554000,219.621000,382.865000,233.167000,378.653000,245.643000,374.023000
294.023000,346.415000,293.619000,381.351000,293.254000,416.055000,292.989000,451.343000,256.297000,467.826000,272.491000,474.846000,289.058000,480.763000,306.189000,476.428000,321.291000,470.591000
266.098000,322.575000,264.970000,353.649000,264.145000,384.030000,263.480000,415.336000,228.383000,438.243000,244.586000,444.134000,261.013000,449.368000,278.143000,445.723000,293.585000,440.753000
387.228000,426.605000,380.326000,470.511000,373.518000,515.555000,366.467000,561.264000,308.480000,571.560000,331.028000,585.878000,355.732000,597.929000,382.663000,595.336000,407.344000,589.309000
170.633000,184.832000,170.851000,204.109000,171.075000,223.152000,171.265000,242.549000,148.271000,256.610000,159.489000,260.181000,170.824000,263.036000,182.147000,259.971000,192.497000,256.772000
232.054000,263.570000,232.570000,289.490000,233.029000,315.409000,233.536000,341.891000,205.242000,355.086000,218.900000,360.400000,232.657000,364.652000,246.617000,360.433000,259.269000,355.614000
264.303000,354.763000,264.311000,382.822000,264.292000,411.669000,264.481000,441.246000,228.641000,457.013000,245.704000,463.342000,263.163000,467.952000,281.195000,462.863000,297.824000,456.610000
255.875000,326.445000,255.890000,360.795000,255.980000,394.678000,256.185000,429.115000,220.414000,449.572000,237.902000,455.985000,255.933000,461.281000,274.524000,456.070000,291.233000,449.600000
216.865000,270.107000,217.242000,295.992000,217.615000,321.783000,218.048000,348.146000,188.127000,362.223000,202.743000,367.548000,217.090000,371.954000,231.483000,367.845000,244.565000,363.065000
203.904000,261.800000,205.422000,285.464000,206.551000,309.322000,207.520000,333.847000,184.400000,356.483000,197.607000,360.375000,211.519000,362.543000,225.632000,357.819000,238.623000,353.174000
200.659000,236.180000,201.402000,256.406000,202.015000,276.892000,202.756000,297.899000,179.144000,310.394000,190.693000,314.521000,202.846000,317.349000,215.081000,313.319000,226.168000,308.701000
204.079000,243.681000,203.526000,271.530000,203.002000,299.207000,202.570000,327.611000,174.939000,352.832000,190.070000,357.291000,205.708000,360.975000,222.264000,356.277000,237.431000,350.940000
210.811000,243.748000,210.111000,267.860000,209.568000,291.725000,209.001000,316.214000,182.773000,333.490000,195.862000,338.166000,208.762000,342.216000,222.177000,338.938000,234.437000,334.851000
191.424000,221.967000,190.961000,245.397000,190.468000,268.625000,190.047000,292.253000,166.296000,307.786000,178.048000,312.029000,190.318000,315.520000,202.991000,311.916000,214.409000,307.922000
199.803000,244.094000,198.936000,267.257000,198.126000,290.157000,197.452000,313.411000,173.091000,329.519000,185.023000,333.503000,197.170000,336.878000,209.759000,333.931000,221.264000,330.408000
222.655000,268.371000,220.699000,294.374000,219.047000,319.917000,217.678000,346.104000,187.529000,361.748000,201.698000,367.393000,215.927000,372.349000,230.947000,369.162000,244.541000,364.475000
299.017000,315.114000,299.540000,351.309000,299.856000,387.844000,300.121000,424.472000,262.582000,435.188000,279.979000,443.480000,298.583000,449.695000,317.498000,443.461000,334.323000,436.690000
271.997000,329.183000,271.699000,365.730000,271.445000,402.198000,271.279000,438.800000,235.886000,450.780000,253.291000,458.539000,271.253000,464.883000,289.728000,458.973000,306.308000,452.354000
359.942000,451.735000,367.271000,501.688000,374.144000,551.905000,380.681000,601.413000,331.452000,615.691000,356.006000,623.812000,381.670000,629.625000,404.956000,618.175000,425.418000,607.228000
220.415000,314.785000,222.181000,344.305000,223.960000,373.331000,225.788000,402.817000,203.593000,423.979000,217.543000,427.741000,232.093000,430.472000,247.110000,424.666000,260.779000,418.079000
221.431000,271.146000,221.199000,296.541000,220.943000,321.896000,220.673000,347.803000,190.097000,366.579000,204.503000,371.734000,219.054000,375.917000,234.045000,372.354000,247.534000,368.317000
214.329000,236.968000,213.771000,267.114000,213.252000,297.121000,212.638000,327.328000,183.564000,345.872000,197.814000,351.390000,212.551000,355.999000,228.117000,352.234000,242.168000,347.639000
274.836000,394.088000,273.087000,432.313000,271.395000,471.079000,269.823000,510.107000,231.230000,530.720000,250.668000,538.243000,270.838000,543.985000,291.871000,538.832000,311.686000,531.566000
238.366000,309.699000,237.636000,341.420000,237.040000,372.758000,236.479000,404.569000,205.192000,421.721000,220.541000,427.760000,235.982000,432.614000,251.736000,428.555000,266.058000,423.260000
197.348000,244.967000,199.196000,267.577000,200.898000,290.090000,202.491000,313.042000,177.353000,330.955000,189.564000,334.700000,202.155000,337.163000,214.526000,333.508000,225.729000,329.363000
207.705000,261.426000,207.247000,284.602000,206.851000,307.566000,206.655000,331.193000,176.624000,346.077000,190.896000,350.924000,204.932000,354.946000,218.955000,351.666000,231.770000,347.841000
171.897000,224.299000,171.315000,243.722000,170.610000,263.165000,170.102000,283.099000,150.753000,295.814000,162.007000,299.685000,173.535000,302.698000,185.573000,298.891000,196.695000,294.957000
225.110000,289.258000,226.716000,317.791000,228.122000,346.467000,229.440000,375.612000,199.001000,392.440000,213.929000,398.258000,229.779000,402.161000,245.524000,396.622000,259.622000,391.119000
223.883000,267.578000,222.982000,292.233000,221.932000,317.173000,221.231000,342.481000,195.724000,357.313000,208.058000,362.269000,221.831000,365.908000,236.244000,361.639000,249.128000,356.282000
193.154000,227.966000,192.883000,250.158000,192.619000,272.366000,192.410000,294.978000,167.521000,309.722000,179.514000,314.241000,192.032000,317.762000,205.027000,314.293000,216.681000,310.205000
187.340000,261.522000,186.908000,286.011000,186.543000,310.406000,186.323000,335.193000,162.338000,349.623000,175.049000,354.223000,187.878000,358.188000,201.182000,354.424000,213.260000,349.957000
269.354000,321.773000,268.382000,358.661000,267.449000,395.275000,266.454000,432.597000,229.630000,456.886000,247.746000,463.689000,266.381000,469.439000,286.349000,464.664000,304.381000,458.822000
236.789000,328.300000,238.197000,357.507000,239.542000,386.717000,240.775000,416.263000,208.689000,432.246000,224.414000,437.953000,240.488000,442.149000,256.302000,436.835000,270.607000,431.018000
221.569000,296.671000,221.928000,324.000000,222.131000,351.370000,222.507000,379.175000,192.603000,397.141000,207.686000,401.829000,223.146000,405.742000,238.796000,401.328000,252.838000,396.324000
220.906000,283.335000,219.500000,316.579000,218.169000,349.678000,216.874000,383.247000,184.901000,405.825000,201.603000,412.030000,219.140000,417.066000,237.595000,411.779000,254.353000,406.176000
215.143000,254.939000,212.282000,277.828000,209.263000,300.656000,206.192000,324.135000,179.712000,343.051000,191.561000,348.458000,204.102000,352.875000,217.917000,350.941000,230.501000,348.517000
324.223000,377.739000,323.227000,417.829000,322.377000,457.739000,321.390000,498.399000,278.470000,523.428000,298.283000,531.529000,318.553000,538.104000,339.450000,533.304000,358.120000,527.024000
220.465000,283.800000,221.516000,310.943000,222.486000,337.857000,223.407000,365.316000,193.156000,386.488000,208.589000,390.849000,223.944000,394.161000,239.146000,389.975000,253.213000,385.393000
227.009000,296.355000,225.891000,323.993000,224.844000,351.537000,223.942000,379.838000,191.902000,396.277000,206.769000,402.412000,221.891000,407.750000,237.648000,403.836000,251.750000,399.142000
203.094000,260.285000,203.452000,282.362000,203.626000,304.510000,203.795000,327.187000,177.501000,343.884000,190.445000,348.124000,203.484000,351.227000,216.516000,347.833000,228.445000,344.387000
248.555000,326.543000,249.376000,360.283000,249.889000,394.046000,250.340000,428.468000,218.233000,450.008000,235.675000,456.240000,253.217000,460.692000,271.015000,455.242000,287.705000,449.285000
239.167000,305.728000,236.895000,338.570000,234.605000,371.333000,232.343000,404.220000,194.558000,417.142000,211.591000,425.026000,228.963000,431.729000,247.140000,428.106000,263.593000,424.021000
231.385000,296.360000,231.143000,330.279000,230.993000,363.704000,230.884000,398.004000,199.820000,423.447000,215.946000,429.103000,232.589000,433.650000,249.951000,428.344000,265.904000,422.197000
217.507000,293.727000,217.669000,319.100000,217.921000,344.239000,218.262000,370.040000,187.226000,391.928000,203.152000,396.253000,219.105000,399.814000,235.185000,395.398000,249.970000,390.385000
225.733000,267.960000,224.904000,294.484000,223.928000,320.723000,222.923000,347.552000,190.623000,372.630000,207.282000,377.735000,223.789000,382.025000,240.877000,378.117000,256.651000,374.199000
224.077000,271.629000,225.498000,297.807000,227.222000,323.671000,228.959000,349.900000,197.444000,363.229000,211.440000,367.980000,225.405000,371.992000,238.714000,367.935000,250.382000,362.751000
294.209000,359.487000,296.948000,391.141000,299.691000,422.923000,302.236000,455.455000,261.442000,477.542000,280.823000,483.191000,299.694000,487.363000,317.708000,481.798000,334.176000,475.448000
207.132000,230.324000,207.745000,252.308000,208.337000,274.019000,208.836000,296.368000,182.451000,318.275000,195.252000,322.179000,208.152000,325.076000,221.246000,321.881000,233.159000,318.072000
218.357000,248.111000,218.952000,273.160000,219.811000,297.724000,220.666000,323.015000,189.848000,341.509000,204.455000,346.268000,218.900000,350.356000,233.199000,346.540000,246.132000,341.717000
240.172000,307.653000,240.043000,334.488000,240.186000,360.865000,240.384000,387.694000,207.054000,405.189000,222.825000,409.942000,238.102000,414.151000,253.197000,411.051000,267.172000,406.991000
250.145000,290.354000,248.742000,319.110000,247.526000,347.535000,246.362000,376.562000,214.010000,397.299000,229.923000,402.816000,245.651000,408.007000,262.350000,404.175000,277.582000,399.423000
231.284000,274.324000,230.944000,296.256000,230.384000,318.711000,229.960000,341.705000,203.646000,356.318000,216.343000,361.129000,229.569000,364.508000,243.165000,361.065000,255.732000,357.081000
230.949000,305.029000,230.032000,331.304000,229.203000,357.557000,228.307000,384.777000,199.762000,405.758000,214.329000,411.285000,228.900000,415.797000,244.255000,411.957000,258.242000,407.087000
247.982000,317.595000,248.295000,348.762000,248.606000,379.740000,248.861000,411.451000,211.538000,426.372000,229.194000,433.786000,247.003000,439.803000,264.875000,434.144000,281.016000,428.444000
177.385000,223.563000,175.962000,242.775000,174.520000,261.680000,173.120000,281.396000,151.249000,300.871000,163.599000,304.726000,175.765000,307.725000,188.679000,304.508000,200.668000,301.075000
323.027000,358.344000,323.340000,391.914000,323.715000,425.189000,324.252000,459.001000,282.985000,477.026000,303.390000,484.102000,324.124000,489.852000,344.554000,483.118000,362.915000,476.345000
248.435000,298.725000,248.776000,326.247000,249.097000,353.457000,249.487000,381.202000,214.638000,399.808000,231.743000,405.006000,248.426000,409.610000,264.873000,405.348000,279.822000,400.911000
237.177000,298.038000,236.881000,330.015000,236.661000,361.564000,236.587000,393.390000,201.012000,400.432000,216.907000,408.330000,233.436000,414.710000,250.177000,409.564000,264.751000,403.467000
243.586000,271.539000,255.418000,305.042000,267.047000,337.871000,279.004000,371.300000,243.863000,402.025000,266.085000,402.659000,288.230000,401.785000,306.846000,388.674000,323.358000,375.851000
274.161000,381.098000,272.164000,421.647000,270.771000,461.567000,270.082000,501.590000,225.165000,516.401000,246.419000,524.387000,267.308000,531.947000,288.402000,526.999000,307.385000,520.289000
283.482000,330.192000,283.594000,360.779000,283.459000,392.255000,283.326000,424.579000,249.617000,443.780000,266.132000,450.631000,282.978000,455.177000,300.603000,449.955000,317.139000,443.661000
203.830000,229.031000,204.526000,251.356000,205.241000,273.515000,206.003000,296.526000,175.707000,312.379000,189.635000,317.547000,203.630000,321.656000,217.456000,317.705000,229.790000,313.378000
224.874000,252.984000,225.240000,281.773000,225.488000,310.497000,225.639000,339.521000,193.852000,351.834000,208.835000,358.424000,224.596000,363.389000,240.463000,358.368000,254.698000,353.104000
227.883000,283.396000,227.767000,309.535000,227.669000,335.504000,227.620000,362.207000,198.778000,382.246000,213.931000,387.583000,229.613000,391.648000,245.569000,386.601000,260.166000,381.261000
180.851000,208.140000,180.690000,229.589000,180.568000,251.054000,180.590000,272.917000,157.381000,283.615000,168.946000,288.192000,180.838000,291.920000,193.068000,288.025000,204.095000,283.628000
206.930000,218.907000,206.946000,241.089000,206.975000,263.080000,207.130000,285.385000,180.292000,297.935000,193.767000,302.489000,207.297000,306.291000,220.690000,301.964000,232.970000,297.902000
245.970000,335.813000,246.109000,363.393000,246.185000,391.575000,246.362000,420.249000,214.728000,432.827000,230.026000,438.971000,245.821000,443.458000,261.986000,438.757000,276.744000,432.737000
253.917000,329.275000,257.855000,365.616000,261.689000,402.077000,265.262000,439.025000,224.056000,457.975000,244.593000,465.524000,265.545000,470.435000,284.566000,461.418000,302.016000,453.242000
270.545000,298.655000,269.794000,329.546000,268.923000,360.273000,268.247000,391.998000,233.739000,418.513000,251.367000,424.210000,269.599000,428.819000,288.554000,423.611000,305.959000,418.463000
289.544000,367.451000,289.613000,397.198000,289.852000,426.709000,290.103000,457.058000,249.943000,487.215000,270.458000,492.601000,290.253000,497.214000,309.881000,492.658000,328.222000,487.846000
214.029000,253.679000,214.050000,280.994000,214.077000,308.138000,214.175000,335.883000,182.975000,355.964000,198.570000,360.947000,214.526000,365.259000,230.901000,360.195000,245.702000,355.336000
309.757000,359.835000,308.557000,393.087000,307.619000,426.147000,306.490000,459.668000,259.848000,472.576000,277.511000,481.197000,294.775000,488.706000,312.225000,485.532000,327.283000,481.204000
188.747000,253.841000,188.971000,278.644000,189.192000,303.290000,189.552000,328.007000,160.887000,336.208000,175.049000,342.026000,189.836000,346.640000,204.529000,341.375000,217.746000,336.216000
184.802000,243.826000,184.880000,264.060000,184.962000,284.092000,185.123000,304.463000,160.503000,316.968000,172.545000,320.935000,184.569000,324.075000,196.497000,320.687000,207.417000,317.103000
202.795000,262.735000,201.231000,286.695000,199.758000,310.899000,198.585000,335.440000,165.427000,341.224000,180.089000,348.037000,195.622000,353.861000,211.450000,349.563000,225.442000,344.814000
210.716000,269.411000,210.322000,292.017000,209.871000,314.862000,209.539000,338.595000,181.572000,354.367000,195.833000,359.599000,210.153000,363.539000,224.953000,359.332000,238.735000,354.231000
224.234000,307.209000,224.059000,336.228000,223.892000,365.070000,223.793000,394.361000,192.582000,407.613000,207.641000,413.919000,223.023000,418.721000,238.650000,414.129000,252.771000,408.899000
197.385000,242.523000,198.081000,268.249000,198.763000,293.838000,199.531000,319.467000,169.007000,330.051000,183.748000,335.400000,198.772000,339.735000,213.489000,334.956000,226.719000,330.186000
248.625000,310.065000,249.355000,339.288000,250.263000,368.041000,251.128000,397.676000,214.036000,417.940000,231.461000,423.616000,248.588000,428.625000,265.668000,424.180000,281.032000,418.924000
362.237000,386.072000,363.127000,430.122000,364.120000,474.015000,365.016000,518.637000,312.372000,545.926000,336.365000,554.968000,360.921000,562.504000,385.685000,555.932000,407.803000,548.853000
248.632000,306.398000,249.684000,333.691000,250.785000,360.876000,251.942000,388.806000,216.776000,409.790000,233.446000,414.886000,250.137000,419.017000,266.695000,414.058000,281.812000,408.909000
249.745000,387.133000,250.480000,418.287000,251.263000,449.363000,252.032000,480.937000,215.338000,494.649000,232.784000,501.333000,250.290000,506.667000,267.528000,500.938000,283.330000,495.084000
274.135000,297.766000,272.824000,328.793000,271.769000,359.274000,270.700000,390.161000,235.482000,401.286000,250.506000,408.156000,265.592000,414.356000,280.942000,410.915000,294.689000,406.572000
153.806000,237.741000,153.974000,257.383000,154.045000,277.090000,154.272000,297.048000,134.719000,307.673000,145.122000,311.233000,155.835000,313.844000,166.677000,310.326000,176.612000,306.468000
158.621000,205.232000,157.905000,226.250000,157.222000,247.199000,156.621000,268.435000,134.533000,277.050000,144.607000,281.598000,154.938000,285.220000,165.634000,282.639000,175.285000,279.262000
926.859000,1231.450000,927.672000,1342.020000,927.992000,1454.820000,927.556000,1568.450000,823.560000,1641.460000,874.164000,1658.810000,930.643000,1669.900000,986.535000,1656.660000,1038.640000,1639.550000
575.899000,667.600000,575.997000,724.923000,575.626000,781.554000,575.198000,839.840000,517.635000,893.761000,548.744000,902.826000,579.343000,909.934000,611.032000,901.677000,640.219000,892.288000
506.741000,521.812000,504.692000,575.387000,502.642000,628.243000,500.377000,682.122000,446.527000,720.646000,472.803000,730.747000,499.840000,739.331000,528.634000,733.010000,554.850000,725.198000
889.238000,1068.920000,885.938000,1166.000000,881.578000,1263.810000,877.072000,1364.430000,780.510000,1437.740000,831.175000,1454.780000,883.285000,1467.810000,938.249000,1452.850000,988.713000,1436.980000
696.443000,702.661000,696.211000,767.473000,696.109000,831.423000,695.443000,897.460000,623.092000,961.869000,660.712000,972.802000,697.943000,981.409000,735.108000,971.924000,770.270000,961.262000
639.551000,683.508000,637.191000,752.603000,635.083000,820.622000,633.136000,888.920000,554.025000,925.167000,589.067000,937.436000,624.176000,949.087000,659.449000,941.287000,690.900000,933.358000
608.651000,770.056000,607.336000,836.370000,606.879000,901.441000,607.294000,966.788000,527.724000,994.161000,565.880000,1007.010000,601.662000,1018.800000,636.875000,1010.870000,669.569000,1002.260000
554.137000,678.049000,555.646000,733.063000,557.040000,788.421000,558.566000,844.483000,498.977000,880.914000,529.190000,890.604000,558.190000,898.739000,587.248000,889.708000,614.304000,880.742000
547.922000,730.455000,551.855000,811.133000,555.156000,892.067000,558.792000,971.522000,484.226000,973.614000,521.614000,992.080000,562.405000,1005.700000,603.282000,987.111000,640.030000,968.754000
1054.760000,1212.140000,1056.630000,1318.950000,1057.670000,1427.140000,1057.760000,1538.720000,940.485000,1615.230000,997.512000,1636.870000,1054.200000,1653.520000,1111.820000,1636.660000,1164.990000,1621.620000
605.488000,724.679000,607.544000,795.599000,609.979000,865.777000,612.524000,937.751000,532.200000,983.724000,572.291000,995.996000,611.537000,1006.990000,650.371000,995.490000,685.781000,982.782000
682.002000,762.125000,684.849000,832.804000,687.952000,902.713000,691.312000,974.398000,600.863000,1029.720000,644.544000,1041.980000,686.530000,1052.840000,728.311000,1040.810000,765.872000,1027.640000
693.664000,886.669000,693.930000,961.597000,693.957000,1036.350000,694.616000,1112.200000,619.894000,1168.680000,661.548000,1178.580000,701.184000,1188.400000,741.093000,1177.360000,778.542000,1165.990000
598.438000,723.661000,597.524000,803.086000,596.745000,881.798000,595.986000,961.183000,516.546000,994.917000,555.361000,1010.720000,594.480000,1024.100000,634.152000,1012.640000,670.003000,999.881000
667.279000,771.424000,674.349000,852.839000,681.025000,934.411000,687.811000,1018.000000,596.605000,1077.370000,645.836000,1088.920000,693.069000,1099.040000,738.419000,1082.160000,781.055000,1067.520000
529.811000,587.936000,534.715000,646.034000,539.078000,705.228000,543.261000,765.967000,474.400000,810.586000,509.038000,820.944000,545.289000,829.067000,580.991000,816.387000,612.704000,805.478000
556.942000,653.631000,557.438000,716.426000,557.316000,781.160000,557.154000,846.479000,489.588000,880.796000,520.816000,891.887000,554.840000,900.449000,589.315000,890.278000,620.769000,879.603000
566.761000,672.851000,564.465000,737.679000,562.853000,801.821000,561.367000,866.776000,484.881000,906.651000,522.486000,921.007000,559.528000,934.798000,598.039000,925.211000,632.643000,915.376000
140.095000,175.973000,140.451000,194.578000,140.921000,213.029000,141.473000,231.710000,119.189000,239.084000,129.382000,243.095000,139.760000,246.320000,149.973000,243.246000,159.112000,239.617000
137.645000,146.819000,137.347000,166.302000,137.009000,185.646000,136.621000,205.273000,115.620000,218.428000,125.748000,222.331000,136.235000,225.253000,147.008000,222.530000,156.772000,219.467000
139.912000,164.869000,139.318000,186.445000,138.835000,207.727000,138.432000,229.190000,118.105000,239.165000,128.111000,243.372000,138.492000,246.930000,149.408000,243.844000,159.274000,240.000000
135.293000,164.612000,136.310000,181.576000,137.215000,198.660000,138.266000,216.161000,120.079000,228.214000,129.747000,231.060000,139.771000,232.904000,149.816000,229.341000,158.966000,225.282000
129.976000,171.894000,129.411000,190.626000,128.889000,209.194000,128.467000,228.061000,108.016000,238.490000,117.621000,242.205000,127.371000,245.099000,137.399000,242.906000,146.499000,239.904000
135.443000,161.234000,135.650000,177.657000,135.865000,193.975000,136.205000,210.908000,114.342000,228.386000,125.091000,231.132000,135.987000,233.269000,147.038000,230.613000,157.120000,227.415000
133.937000,174.574000,134.150000,193.684000,134.336000,212.743000,134.637000,232.060000,114.253000,241.218000,124.258000,245.031000,134.563000,247.922000,144.975000,244.743000,154.397000,241.019000
159.919000,212.750000,159.085000,233.731000,158.377000,254.308000,157.713000,275.642000,132.745000,297.663000,145.201000,301.392000,157.654000,304.559000,170.618000,301.827000,182.495000,298.511000
165.113000,198.047000,164.743000,217.708000,164.477000,237.486000,164.296000,257.786000,138.485000,270.242000,149.953000,274.465000,161.852000,277.996000,173.987000,275.043000,184.786000,271.264000
146.979000,202.304000,147.882000,222.580000,148.679000,243.052000,149.606000,263.923000,126.383000,276.787000,137.854000,280.406000,149.757000,283.033000,161.755000,279.224000,172.645000,275.057000
154.853000,212.297000,154.600000,233.533000,154.329000,254.504000,154.240000,275.849000,131.681000,289.586000,143.622000,293.394000,155.658000,296.467000,167.977000,293.043000,179.270000,289.166000
163.244000,199.131000,163.860000,223.587000,164.508000,247.652000,165.203000,271.972000,141.333000,286.055000,153.237000,290.184000,165.472000,293.525000,177.874000,289.759000,189.003000,285.376000
134.445000,176.596000,134.696000,198.357000,134.864000,220.000000,135.122000,241.941000,114.954000,254.975000,125.919000,258.914000,137.491000,261.773000,149.494000,257.740000,160.349000,253.400000
139.631000,189.849000,139.640000,212.989000,139.683000,235.830000,139.827000,259.047000,117.883000,275.498000,130.311000,279.256000,143.076000,282.266000,156.314000,277.910000,168.427000,273.354000
153.405000,174.094000,153.150000,193.564000,152.999000,212.844000,152.932000,232.746000,126.810000,246.793000,138.775000,250.987000,150.794000,254.602000,162.865000,251.852000,173.702000,248.494000
137.817000,166.568000,138.578000,184.730000,139.303000,202.800000,140.016000,221.422000,118.785000,237.219000,129.225000,240.386000,139.841000,242.813000,150.528000,239.798000,160.211000,236.370000
141.262000,187.659000,140.666000,209.457000,140.165000,230.936000,139.780000,252.711000,118.046000,263.241000,128.641000,267.600000,139.615000,271.163000,151.071000,268.180000,161.406000,264.373000
148.183000,180.955000,147.903000,200.979000,147.625000,220.757000,147.365000,241.089000,124.196000,256.214000,135.512000,260.178000,147.040000,263.359000,158.970000,260.398000,169.886000,257.011000
142.358000,193.197000,141.928000,214.724000,141.572000,236.088000,141.283000,258.055000,116.897000,272.848000,128.791000,277.163000,140.853000,280.874000,153.318000,277.597000,164.561000,273.703000
124.780000,157.732000,125.964000,178.993000,127.122000,200.159000,128.412000,221.638000,107.804000,232.034000,118.777000,235.976000,130.329000,238.858000,141.925000,234.235000,152.324000,229.258000
142.421000,170.212000,142.057000,187.393000,141.711000,204.499000,141.385000,222.082000,118.816000,235.953000,129.128000,239.552000,139.533000,242.404000,150.175000,240.223000,159.860000,237.571000
150.470000,196.000000,151.662000,217.843000,152.808000,239.558000,154.028000,261.507000,133.596000,273.310000,144.457000,277.183000,155.946000,279.935000,167.543000,275.562000,177.918000,270.887000
155.868000,171.000000,156.220000,189.908000,156.659000,208.697000,157.170000,227.999000,133.812000,241.439000,144.676000,245.079000,155.727000,248.080000,166.871000,245.160000,176.859000,241.612000
150.249000,196.053000,146.614000,219.401000,143.073000,242.330000,139.820000,265.798000,118.822000,281.671000,130.099000,286.323000,142.098000,290.454000,156.023000,287.318000,168.991000,283.809000
138.719000,192.706000,137.781000,212.262000,136.794000,231.663000,135.970000,251.352000,115.614000,261.307000,126.191000,265.530000,137.156000,268.814000,148.643000,265.672000,159.178000,261.972000
173.802000,215.849000,174.120000,237.893000,174.680000,259.666000,175.466000,281.742000,150.458000,292.491000,162.256000,296.512000,174.198000,299.824000,186.049000,296.414000,196.567000,291.645000
163.366000,228.896000,163.662000,248.196000,163.821000,267.637000,164.193000,287.797000,142.372000,302.905000,153.422000,306.502000,165.079000,309.097000,177.068000,305.558000,188.005000,301.211000
173.791000,218.155000,173.397000,239.335000,173.215000,260.205000,173.104000,281.846000,147.569000,299.725000,159.484000,303.713000,171.441000,307.277000,183.813000,304.645000,194.942000,300.909000
172.365000,212.568000,172.957000,235.736000,173.587000,258.725000,174.276000,282.081000,147.931000,297.100000,161.126000,301.249000,174.373000,304.664000,187.575000,300.688000,199.664000,296.375000
158.167000,203.558000,158.156000,225.704000,158.133000,247.804000,158.357000,270.371000,133.626000,285.083000,145.754000,288.881000,158.734000,292.042000,172.232000,288.051000,184.288000,283.182000
180.801000,187.701000,181.322000,209.074000,182.020000,230.117000,182.677000,251.649000,153.894000,266.190000,166.771000,270.555000,179.586000,274.488000,192.144000,271.339000,203.271000,267.768000
172.468000,196.559000,174.111000,220.745000,175.728000,244.748000,177.432000,269.288000,150.855000,286.789000,164.573000,290.567000,178.580000,293.637000,192.484000,288.580000,205.092000,283.529000
160.466000,194.330000,159.440000,216.919000,158.667000,239.218000,158.045000,261.785000,131.979000,270.725000,144.039000,275.725000,156.242000,280.171000,168.883000,277.193000,180.191000,273.213000
179.770000,206.708000,179.153000,229.908000,178.841000,252.797000,178.776000,276.268000,148.050000,292.037000,162.356000,296.631000,176.733000,300.974000,191.475000,297.465000,204.702000,293.025000
173.468000,210.437000,173.205000,231.241000,172.919000,252.114000,172.818000,273.318000,149.592000,282.809000,160.190000,287.185000,171.401000,290.654000,182.949000,287.617000,193.296000,283.867000
129.056000,146.230000,129.460000,161.890000,129.881000,177.419000,130.302000,193.530000,110.014000,209.292000,119.968000,211.999000,130.114000,214.231000,140.324000,211.549000,149.488000,208.697000
167.336000,211.415000,167.346000,229.641000,167.370000,247.859000,167.479000,266.425000,144.995000,276.672000,155.076000,280.586000,165.635000,283.729000,176.335000,280.895000,185.829000,277.594000
161.711000,210.244000,161.782000,228.706000,161.886000,246.969000,162.023000,265.810000,139.855000,283.581000,151.443000,286.512000,162.844000,288.993000,174.395000,286.124000,185.090000,282.953000
145.302000,180.007000,144.997000,199.586000,144.850000,218.961000,144.777000,238.668000,121.813000,248.023000,132.396000,252.323000,143.224000,256.088000,154.290000,253.031000,164.138000,249.317000
155.707000,180.268000,155.453000,197.983000,155.331000,215.409000,155.245000,233.361000,132.211000,248.271000,143.184000,251.723000,154.048000,254.750000,165.041000,252.264000,175.052000,249.270000
161.992000,207.608000,161.903000,225.975000,161.808000,244.137000,161.782000,262.800000,141.088000,277.939000,151.596000,281.258000,162.290000,283.821000,173.265000,280.949000,183.242000,277.564000
147.488000,191.101000,147.511000,211.818000,147.547000,232.236000,147.668000,253.133000,126.233000,269.816000,137.776000,273.138000,149.517000,275.912000,161.641000,272.259000,172.741000,268.360000
165.190000,193.534000,165.313000,212.688000,165.545000,231.508000,165.836000,250.827000,143.308000,264.935000,153.879000,268.430000,164.583000,271.479000,175.435000,268.722000,185.189000,265.441000
156.460000,191.752000,157.052000,211.674000,157.601000,231.464000,158.139000,251.611000,136.471000,264.898000,147.251000,268.558000,158.217000,271.324000,169.315000,268.041000,179.335000,264.473000
171.215000,221.114000,171.360000,243.119000,171.617000,264.963000,171.989000,287.217000,144.449000,299.362000,157.673000,304.107000,171.144000,308.004000,184.575000,303.968000,196.701000,299.569000
169.930000,184.401000,170.738000,202.476000,171.758000,220.059000,172.795000,238.249000,147.745000,257.383000,159.427000,260.292000,170.947000,262.821000,182.276000,260.344000,192.450000,257.244000
168.814000,196.081000,168.598000,218.175000,168.521000,240.019000,168.467000,262.202000,142.492000,274.505000,154.374000,278.899000,166.443000,282.600000,178.626000,279.606000,189.579000,275.894000
179.412000,224.440000,180.192000,245.394000,180.869000,266.213000,181.604000,287.345000,157.717000,300.150000,169.824000,304.054000,182.182000,307.016000,194.384000,303.006000,205.505000,298.868000
170.386000,224.971000,169.309000,247.806000,168.292000,270.554000,167.437000,293.846000,146.135000,307.179000,157.156000,311.720000,168.759000,315.410000,181.288000,312.036000,192.639000,307.583000
159.942000,203.188000,160.115000,217.059000,160.248000,230.915000,160.479000,245.333000,140.623000,256.953000,149.912000,259.830000,159.378000,262.064000,168.820000,259.732000,177.398000,257.031000
161.661000,219.215000,160.186000,239.814000,158.708000,260.205000,157.315000,281.078000,135.555000,296.721000,146.698000,300.693000,157.945000,304.080000,169.865000,301.642000,180.807000,298.603000
170.157000,238.991000,169.974000,259.595000,169.867000,279.930000,169.907000,300.755000,148.942000,315.471000,159.974000,319.070000,171.277000,322.062000,183.088000,318.499000,193.835000,314.325000
154.463000,216.857000,153.163000,236.837000,151.820000,256.922000,150.720000,277.424000,128.716000,286.185000,138.806000,290.985000,149.618000,294.753000,161.251000,291.982000,171.697000,288.248000
113.462000,148.935000,113.064000,165.707000,112.533000,182.341000,112.155000,199.376000,98.873300,212.098000,107.318000,214.850000,116.259000,216.843000,126.016000,213.395000,135.091000,209.774000
165.006000,200.087000,165.759000,219.951000,166.464000,239.615000,167.232000,259.809000,144.489000,273.816000,156.627000,277.443000,168.613000,280.306000,180.567000,276.444000,191.622000,272.463000
171.471000,207.582000,171.892000,229.180000,172.284000,250.612000,172.691000,272.489000,149.617000,287.356000,161.217000,291.305000,173.098000,294.344000,185.082000,290.752000,195.975000,286.742000
186.789000,210.183000,186.668000,230.761000,186.578000,251.562000,186.544000,272.829000,159.082000,286.939000,171.446000,291.442000,184.492000,295.140000,197.660000,291.800000,209.435000,287.781000
193.501000,216.749000,194.076000,241.621000,194.732000,266.289000,195.392000,291.277000,168.756000,303.528000,181.363000,308.401000,194.354000,312.453000,207.336000,308.355000,218.869000,303.708000
167.185000,224.510000,165.966000,246.442000,164.516000,268.730000,163.288000,291.205000,141.400000,298.697000,152.022000,304.084000,163.837000,307.993000,176.498000,304.405000,187.971000,300.055000
330.962000,211.191000,330.126000,235.505000,329.365000,259.564000,328.787000,284.102000,303.376000,299.474000,316.078000,304.060000,329.309000,307.984000,343.205000,304.136000,355.800000,299.596000
199.619000,221.065000,200.651000,244.963000,201.714000,268.724000,202.806000,292.967000,174.639000,310.903000,188.211000,315.085000,202.146000,318.491000,215.832000,314.373000,228.053000,309.898000
188.573000,204.280000,188.952000,232.158000,189.416000,259.792000,189.952000,287.412000,164.304000,295.954000,176.537000,301.666000,189.545000,305.989000,202.723000,301.412000,214.386000,295.992000
158.194000,196.420000,157.878000,214.502000,157.640000,232.338000,157.529000,250.562000,136.887000,263.382000,147.237000,266.678000,157.510000,269.434000,167.939000,266.755000,177.465000,263.595000
162.388000,187.830000,161.505000,205.858000,160.561000,224.027000,159.765000,242.731000,135.941000,253.105000,146.789000,257.462000,158.072000,261.072000,169.758000,258.355000,180.358000,255.104000
160.512000,211.674000,160.179000,232.352000,159.784000,252.939000,159.577000,273.810000,138.782000,284.042000,149.372000,288.295000,160.316000,291.536000,171.572000,288.216000,181.801000,284.322000
186.613000,263.431000,186.833000,291.817000,187.105000,319.914000,187.552000,347.986000,160.044000,355.939000,173.301000,361.792000,187.021000,366.356000,200.945000,361.832000,213.388000,356.209000
172.307000,216.052000,171.585000,236.759000,170.837000,257.353000,170.239000,278.451000,149.964000,292.515000,160.676000,296.424000,171.599000,299.529000,183.086000,296.434000,193.605000,292.551000
173.745000,169.490000,174.375000,201.386000,175.026000,233.126000,175.734000,265.025000,148.346000,275.016000,162.294000,281.744000,177.090000,286.547000,192.169000,281.311000,205.618000,274.843000
603.017000,625.378000,602.743000,683.491000,602.419000,741.726000,602.162000,801.728000,526.986000,856.137000,561.442000,866.349000,595.195000,875.020000,629.117000,868.369000,659.801000,861.044000
755.603000,1006.760000,759.834000,1115.410000,764.742000,1222.020000,769.814000,1328.860000,664.660000,1365.620000,715.959000,1385.480000,768.113000,1402.160000,819.989000,1384.320000,865.436000,1364.160000
669.442000,846.311000,675.207000,926.377000,681.398000,1005.130000,687.557000,1085.330000,600.645000,1133.240000,646.349000,1146.470000,691.003000,1157.780000,733.912000,1141.600000,773.443000,1124.280000
601.138000,686.896000,599.513000,752.737000,598.639000,817.140000,597.601000,882.655000,515.950000,933.412000,554.869000,945.666000,591.928000,957.211000,629.300000,949.334000,663.582000,939.414000
637.081000,777.472000,638.435000,855.403000,640.003000,932.497000,641.367000,1010.920000,564.927000,1043.430000,600.826000,1058.990000,637.645000,1071.670000,675.112000,1060.990000,708.639000,1048.080000
823.574000,996.452000,823.057000,1077.930000,822.219000,1160.120000,821.478000,1244.490000,720.137000,1298.610000,768.542000,1315.250000,815.213000,1328.210000,863.028000,1316.800000,907.019000,1305.330000
715.161000,859.124000,717.023000,941.323000,718.871000,1023.400000,720.434000,1107.680000,633.799000,1164.040000,678.392000,1179.390000,721.928000,1192.640000,766.969000,1178.970000,808.678000,1163.660000
583.864000,719.784000,584.975000,780.643000,586.356000,840.331000,588.208000,901.017000,510.994000,950.941000,551.040000,960.929000,588.946000,970.244000,626.278000,959.507000,660.674000,949.126000
499.396000,589.350000,498.398000,639.946000,497.725000,690.082000,496.793000,741.826000,430.844000,792.580000,464.460000,803.016000,497.693000,812.360000,531.714000,803.598000,563.214000,794.267000
462.560000,548.766000,468.365000,608.148000,473.600000,667.518000,479.329000,727.695000,418.239000,762.746000,449.844000,770.635000,482.340000,777.416000,513.629000,764.944000,541.522000,753.680000
547.710000,669.388000,548.773000,728.328000,549.760000,787.254000,550.398000,848.199000,481.298000,898.489000,516.142000,908.755000,550.321000,917.647000,585.016000,909.023000,616.522000,900.460000
426.904000,555.647000,430.013000,601.667000,433.130000,647.288000,435.919000,694.275000,390.199000,747.593000,416.878000,753.001000,442.450000,756.696000,468.173000,748.891000,492.634000,740.370000
591.557000,697.949000,586.322000,760.541000,582.202000,821.418000,578.375000,883.635000,499.096000,926.156000,536.561000,937.647000,573.198000,949.153000,609.441000,943.451000,642.470000,936.775000
567.743000,728.184000,570.081000,796.530000,572.277000,865.296000,574.013000,935.191000,499.355000,984.285000,536.844000,995.909000,575.783000,1005.400000,615.092000,992.921000,650.732000,981.780000
605.847000,782.890000,609.321000,853.129000,613.017000,922.707000,616.194000,992.721000,551.300000,1033.710000,584.772000,1044.100000,617.731000,1053.240000,650.015000,1042.760000,679.674000,1031.300000
1185.950000,1350.630000,1184.010000,1508.400000,1182.540000,1664.820000,1181.420000,1822.130000,1015.860000,1888.630000,1092.130000,1919.060000,1168.690000,1945.620000,1245.900000,1923.410000,1314.970000,1896.990000
577.340000,660.742000,573.619000,729.300000,570.219000,797.234000,566.921000,866.681000,496.157000,920.275000,530.716000,932.845000,564.662000,945.334000,602.777000,936.676000,637.669000,926.363000
445.633000,595.993000,444.297000,650.706000,443.168000,704.501000,442.355000,758.592000,379.417000,782.761000,410.348000,794.103000,441.491000,804.046000,472.961000,795.284000,501.509000,786.756000
615.076000,730.384000,609.038000,794.022000,603.776000,857.029000,598.897000,919.887000,512.954000,946.033000,551.261000,961.818000,588.562000,976.778000,627.183000,968.932000,661.849000,961.777000
802.403000,1064.960000,804.436000,1152.070000,806.481000,1239.270000,808.059000,1328.090000,715.390000,1410.310000,764.036000,1422.270000,811.947000,1431.140000,859.546000,1419.220000,904.299000,1407.840000
570.758000,739.323000,570.938000,804.917000,570.977000,871.105000,571.277000,937.273000,503.156000,969.621000,536.771000,981.659000,571.321000,990.852000,606.204000,979.505000,637.935000,968.913000
725.198000,959.590000,728.666000,1054.700000,731.769000,1150.200000,734.272000,1246.790000,629.753000,1293.880000,682.272000,1314.640000,737.498000,1328.210000,791.379000,1307.410000,840.888000,1286.940000
712.050000,872.175000,718.686000,947.097000,724.475000,1022.960000,729.815000,1099.150000,653.739000,1152.040000,694.344000,1162.200000,733.874000,1170.330000,771.286000,1158.610000,806.402000,1147.410000
471.462000,664.618000,471.754000,719.040000,471.754000,773.473000,471.935000,827.817000,408.768000,846.190000,437.809000,857.457000,467.506000,866.971000,496.608000,858.440000,522.410000,850.066000
723.877000,843.750000,730.322000,919.162000,736.332000,994.457000,741.558000,1069.820000,661.988000,1107.850000,700.164000,1120.050000,739.092000,1129.730000,776.083000,1117.200000,810.229000,1106.480000
846.561000,962.671000,849.640000,1063.640000,852.279000,1164.420000,854.574000,1266.360000,747.469000,1333.770000,802.316000,1349.950000,854.244000,1362.830000,906.259000,1346.660000,954.769000,1331.300000
677.146000,778.778000,674.262000,855.645000,672.391000,931.906000,671.464000,1009.870000,582.016000,1074.080000,624.438000,1083.850000,667.273000,1096.710000,709.802000,1086.400000,748.382000,1076.450000
659.958000,843.900000,659.089000,913.537000,657.840000,984.481000,656.606000,1056.420000,582.613000,1097.520000,616.128000,1109.570000,653.187000,1119.350000,691.138000,1109.990000,725.990000,1099.140000
843.431000,1043.620000,841.233000,1129.550000,837.688000,1217.830000,833.591000,1306.540000,744.730000,1360.550000,789.885000,1375.980000,838.146000,1386.880000,887.661000,1375.890000,934.564000,1364.990000
591.071000,701.708000,589.632000,764.528000,588.613000,826.937000,587.645000,891.209000,514.673000,947.803000,552.083000,958.511000,588.194000,968.627000,626.164000,959.331000,661.178000,949.451000
471.637000,605.312000,473.254000,671.902000,475.559000,737.786000,478.230000,802.703000,420.591000,816.745000,449.448000,829.186000,479.446000,840.116000,508.497000,830.831000,533.324000,818.243000
468.237000,551.308000,469.074000,604.100000,469.887000,656.944000,470.554000,710.201000,415.812000,743.251000,443.895000,752.123000,471.103000,759.778000,498.377000,752.447000,523.720000,745.262000
257.178000,70.930400,259.377000,82.065100,261.785000,93.080700,264.107000,104.360000,247.109000,114.606000,254.156000,116.309000,261.075000,117.616000,267.046000,115.484000,272.231000,113.056000
