2.33
3.95
3.18
2.68
2.00
1.57
2.57
2.75
2.15
3.43
2.32
2.08
3.35
1.72
2.80
2.10
2.93
2.57
3.03
2.73
2.52
2.42
3.30
2.43
1.77
2.25
2.67
2.27
3.05
3.10
3.18
3.15
2.70
2.23
2.77
2.48
2.17
2.32
1.85
2.58
4.25
2.30
2.17
2.78
2.67
2.20
2.88
2.30
2.13
2.58
2.35
2.13
2.17
2.22
2.25
3.32
2.22
2.67
2.08
2.72
2.37
2.63
1.78
2.30
2.92
2.00
3.08
2.77
2.78
2.92
2.70
2.32
3.03
2.18
2.30
2.90
2.67
2.65
2.78
2.87
2.12
2.50
2.68
2.83
2.78
2.33
2.33
2.40
1.65
1.78
2.78
2.53
2.53
2.87
2.53
3.10
2.30
2.00
2.53
2.90
2.35
2.80
2.60
2.83
4.03
3.03
1.88
2.78
2.33
3.25
2.75
2.65
3.37
2.52
2.95
1.98
2.40
2.80
2.27
2.37
2.38
2.27
2.03
2.57
2.85
2.75
2.90
2.87
3.10
2.52
2.82
2.23
2.83
2.32
2.88
2.32
2.72
2.42
2.13
2.02
2.33
2.17
1.78
2.02
2.90
2.92
2.35
1.92
2.35
2.47
2.27
2.68
2.13
3.00
2.55
2.48
2.37
2.52
2.78
1.98
1.95
2.12
2.80
3.08
2.60
2.70
2.62
2.55
2.33
2.38
2.97
2.38
2.32
2.08
3.00
2.12
1.73
2.58
2.03
2.80
2.90
2.32
2.67
3.20
2.15
2.18
3.12
2.88
2.42
2.05
2.67
2.17
2.13
2.78
2.90
2.95
1.95
2.43
2.68
2.33
2.95
2.65
3.83
2.67
3.50
2.68
2.88
2.73
2.73
2.12
2.43
2.80
3.87
2.68
2.53
2.67
2.28
2.25
2.13
2.65
2.43
2.58
2.35
2.68
3.72
2.13
2.57
2.43
2.93
2.68
2.67
1.98
2.93
2.30
2.65
3.90
2.90
2.68
2.87
3.07
1.98
2.77
2.48
4.22
2.60
3.20
2.87
1.83
2.95
2.72
2.70
2.78
2.70
3.18
1.78
2.80
2.38
2.30
2.00
2.27
2.13
2.40
3.20
2.58
1.85
2.40
1.93
3.30
3.67
1.47
3.23
3.37
2.53
2.95
2.60
2.13
2.62
2.87
3.08
2.58
2.18
2.58
3.07
3.12
2.92
2.82
1.70
2.50
2.27
2.47
2.27
2.78
2.57
2.55
2.13
2.82
4.30
2.38
2.25
4.18
2.52
2.80
2.90
1.93
1.83
2.93
2.47
2.48
3.18
2.48
2.53
2.23
2.60
1.73
3.20
2.43
3.92
2.02
3.02
2.33
2.42
1.82
2.52
2.83
2.53
2.83
3.02
2.85
3.13
3.25
2.08
2.43
2.60
2.25
2.38
2.65
2.13
3.10
2.20
2.62
2.48
2.68
2.90
2.53
1.50
2.40
2.72
2.42
2.57
2.27
2.53
2.17
2.38
2.82
2.70
3.10
2.53
3.07
2.08
2.32
2.93
2.02
2.03
2.80
1.93
2.77
2.60
2.60
3.15
2.52
2.45
2.63
2.55
2.28
2.28
2.67
2.12
2.93
2.50
2.90
2.87
2.12
2.48
2.03
2.48
3.00
2.28
1.60
2.83
2.68
1.35
2.98
2.77
2.63
4.03
2.00
2.67
4.07
2.13
2.78
1.83
3.47
2.63
2.63
2.80
2.58
3.27
3.10
4.18
2.27
2.42
3.07
1.83
2.35
2.55
2.53
2.93
2.73
2.73
3.42
2.55
2.37
2.95
2.60
2.47
2.37
2.33
2.77
2.47
2.82
2.93
3.03
3.92
3.00
1.68
2.05
3.08
2.70
2.78
2.58
3.00
2.63
2.00
3.17
2.17
3.05
3.98
2.68
2.67
3.10
3.02
2.62
4.10
2.80
2.27
2.65
2.58
2.55
2.08
2.63
2.35
2.65
2.32
3.32
2.38
2.95
3.27
2.68
2.88
3.62
3.25
3.02
2.65
2.18
1.85
3.97
3.25
2.93
2.55
3.12
2.28
2.73
2.77
3.62
2.55
2.42
2.58
3.30
2.30
2.30
3.72
4.17
2.80
2.30
2.53
2.23
2.05
2.65
3.08
2.35
3.83
2.62
4.35
2.28
2.68
2.98
2.57
2.22
2.63
3.73
2.77
2.47
2.93
2.18
3.27
2.77
2.28
2.15
2.78
1.67
2.88
2.30
2.40
2.70
2.28
3.12
3.13
2.92
2.55
2.83
3.00
2.15
2.80
2.43
2.58
1.85
2.48
3.13
3.93
2.50
2.65
3.12
2.50
2.22
3.88
1.88
2.67
3.62
2.18
2.53
3.73
2.87
2.95
3.42
2.78
2.58
1.95
2.33
2.97
2.28
4.07
2.87
3.08
2.98
4.05
2.35
3.50
2.42
3.72
2.38
2.90
3.33
2.68
2.92
2.92
2.55
2.92
2.13
2.52
2.72
2.87
3.83
2.50
2.57
2.20
4.12
1.77
3.02
2.58
2.77
2.65
4.53
3.78
2.47
2.28
2.83
2.92
2.35
2.73
3.35
2.25
2.65
4.32
2.80
2.67
2.98
2.55
2.32
2.47
1.87
2.77
2.30
2.08
3.03
2.67
2.02
2.48
3.00
2.97
2.50
2.78
2.20
3.02
2.70
3.10
2.60
2.53
2.63
2.87
3.78
3.40
2.20
3.60
3.38
2.90
3.58
2.70
2.40
4.18
2.60
2.48
2.70
2.20
2.60
2.78
3.63
3.70
2.67
2.20
2.45
2.65
2.63
2.58
2.52
3.32
2.60
2.42
2.80
2.55
2.50
2.38
2.93
2.95
2.40
2.55
2.93
2.30
2.18
3.18
3.05
2.60
2.47
3.08
2.85
4.02
2.60
2.28
3.83
2.68
2.12
2.73
3.85
2.87
2.85
4.37
2.60
2.73
1.62
2.53
3.55
2.48
2.37
2.78
1.62
4.52
2.32
3.42
2.33
3.27
1.85
3.07
3.32
2.48
2.62
2.43
1.92
2.07
1.90
2.82
1.93
2.67
2.62
2.53
2.73
4.43
1.50
2.03
2.65
2.23
3.95
2.60
4.20
2.77
4.28
2.53
3.00
3.38
1.62
2.67
2.50
3.97
2.73
2.60
2.95
2.50
2.15
2.67
4.48
2.45
2.60
2.62
2.62
2.97
2.38
2.82
3.27
2.53
2.75
2.57
3.50
3.10
2.43
4.02
2.35
4.25
1.32
1.43
3.73
2.25
2.67
2.07
4.03
2.60
2.60
2.63
2.47
2.77
3.02
2.58
3.57
2.58
4.13
2.52
2.88
2.48
3.25
2.25
2.80
3.83
3.07
2.52
2.82
4.32
3.40
2.67
2.85
2.37
1.38
1.53
2.92
2.68
2.90
2.85
3.23
2.57
2.57
2.77
4.17
3.12
2.02
2.63
2.78
2.80
2.83
2.45
2.20
2.97
2.10
2.83
2.90
2.42
3.92
3.13
2.92
1.32
2.90
2.67
3.05
2.97
2.90
1.90
2.15
2.97
2.28
2.92
2.80
2.93
2.28
2.20
2.82
2.38
2.97
3.20
2.62
2.78
4.00
2.32
4.22
3.27
3.73
2.42
2.68
2.42
2.77
3.23
1.73
2.75
2.92
2.67
3.62
2.25
2.80
2.52
2.80
4.10
3.23
2.33
3.95
3.12
3.80
3.15
4.27
2.78
2.67
2.40
2.38
4.02
2.23
3.92
2.60
2.80
4.32
2.93
2.77
2.53
2.75
3.95
2.75
2.70
3.78
4.02
4.13
3.17
2.45
4.22
2.25
2.02
2.78
2.58
3.30
2.28
3.80
2.80
3.17
3.52
3.03
4.38
4.07
2.62
2.90
2.42
3.48
3.07
2.57
4.42
2.95
2.10
3.07
3.50
3.22
2.07
3.78
2.80
3.78
3.17
3.03
1.43
2.28
2.65
2.60
4.10
1.68
2.77
3.12
2.35
3.93
3.17
4.12
3.80
4.02
2.67
3.13
3.98
3.87
2.90
2.50
2.85
3.62
1.97
3.30
1.53
4.08
2.38
4.00
3.20
3.52
3.35
2.77
2.78
3.57
2.98
3.27
3.83
4.00
4.00
3.35
3.02
3.05
3.35
2.42
3.83
3.98
4.22
3.78
2.93
3.03
3.90
2.30
3.78
2.53
4.10
4.37
3.00
2.72
2.47
4.32
3.58
2.05
2.38
3.93
2.88
2.88
3.60
3.72
1.60
2.18
3.53
2.43
2.48
2.07
2.78
2.67
2.65
3.67
3.02
3.37
3.73
3.35
3.50
3.97
3.73
2.62
2.87
3.30
2.22
3.45
2.70
2.78
3.87
2.58
3.10
2.77
3.82
4.32
3.68
3.82
3.50
3.32
2.08
2.87
2.93
3.77
3.40
3.37
1.87
3.65
3.98
2.13
3.95
2.32
4.03
3.32
2.27
3.05
3.52
2.75
2.00
2.65
4.20
2.23
2.38
3.12
2.52
2.98
3.82
2.28
3.65
3.15
2.95
3.18
2.70
2.78
2.67
3.22
3.45
4.22
3.15
3.78
3.03
2.43
2.77
4.18
4.32
3.88
3.85
1.68
2.58
4.12
3.18
2.50
3.13
3.23
2.67
3.12
3.90
1.40
3.12
3.48
2.97
3.92
2.90
2.63
4.40
1.83
2.28
3.65
2.77
3.87
2.03
3.97
2.92
2.25
3.63
4.07
2.67
2.37
2.47
1.55
4.18
2.67
3.80
3.83
3.05
4.13
1.72
3.52
4.22
1.87
3.88
4.23
2.38
2.38
3.35
2.97
4.02
4.02
1.97
1.83
2.70
2.90
1.97
3.60
2.52
3.55
2.75
2.58
2.87
2.53
4.17
2.83
3.07
3.23
3.23
3.33
3.40
3.37
2.70
2.33
2.88
3.90
3.15
2.67
1.98
2.72
2.02
3.10
3.55
3.82
3.50
2.90
2.17
3.30
3.27
4.10
2.77
4.18
3.02
4.42
3.98
3.68
2.07
4.10
3.13
2.92
3.07
3.75
4.10
3.88
3.60
4.28
4.28
3.92
2.22
4.50
4.33
2.37
3.68
3.98
3.93
3.65
2.50
2.92
3.62
2.33
2.62
2.20
3.80
2.52
2.73
2.65
4.23
2.98
2.30
4.23
3.43
3.67
3.68
3.77
4.12
3.70
3.28
3.33
3.37
2.80
4.13
3.28
4.05
4.32
3.27
2.62
4.17
3.88
3.43
3.12
3.18
2.78
3.22
3.35
3.20
2.83
4.20
3.70
2.13
3.95
2.80
2.30
3.43
3.33
2.88
2.02
3.98
3.18
2.77
3.22
2.53
4.32
3.37
3.20
3.57
2.72
3.93
4.15
2.20
3.92
2.83
3.07
3.85
3.22
4.32
2.43
3.68
3.38
4.35
3.67
4.22
2.35
4.20
3.32
2.67
3.72
3.83
3.80
3.12
2.90
4.38
3.82
3.43
4.05
3.48
4.17
3.33
3.90
1.28
3.12
3.55
2.02
3.72
3.57
4.13
4.32
3.02
3.47
4.33
3.40
3.97
3.90
3.30
3.28
2.72
2.98
4.40
3.17
4.03
2.27
4.08
2.93
3.38
3.80
3.72
2.62
4.03
3.63
3.75
2.33
4.08
2.03
2.83
3.55
3.77
2.25
4.03
4.00
2.52
2.75
2.80
4.05
4.03
4.12
4.15
4.17
1.82
2.92
2.92
4.05
2.20
3.57
3.08
3.72
3.42
4.02
3.90
2.32
4.38
3.77
4.07
3.78
2.47
2.92
3.33
3.90
2.23
4.33
3.62
3.72
4.08
3.62
3.38
3.92
2.38
1.53
2.45
3.47
2.92
3.28
4.13
3.30
4.28
2.42
3.92
3.88
3.98
4.02
2.93
3.95
4.48
3.53
3.08
3.08
2.50
3.67
3.63
3.13
2.78
4.30
3.38
3.52
3.67
2.70
2.73
2.37
3.63
4.05
2.03
3.97
3.80
2.93
4.02
4.17
3.68
4.13
2.97
4.03
3.57
3.28
3.82
4.05
3.58
1.37
3.18
3.58
4.23
3.83
4.27
2.85
4.12
3.77
3.25
3.65
3.50
3.22
3.13
3.23
3.37
3.73
1.73
3.38
3.75
2.97
3.82
3.43
3.17
3.97
3.73
2.98
3.48
3.50
3.57
3.75
3.72
3.88
3.65
3.22
3.22
3.62
2.70
2.93
4.32
3.17
3.85
3.63
2.95
3.68
3.20
4.12
3.90
3.77
4.32
3.90
3.85
2.77
4.07
3.02
1.15
2.73
3.03
4.07
3.97
3.83
4.00
3.67
3.32
3.93
2.93
3.43
4.03
3.70
3.72
4.38
4.03
3.22
3.27
3.80
2.82
4.03
1.68
4.28
4.10
3.95
3.90
2.73
3.93
3.32
2.52
3.60
2.95
4.03
3.18
3.85
3.10
3.65
4.20
3.52
3.22
3.70
4.03
3.68
2.85
4.07
3.47
4.45
3.93
3.68
2.92
3.33
3.03
3.55
2.77
3.92
1.70
3.67
3.88
2.98
3.72
4.03
3.80
3.47
3.43
3.43
3.93
3.23
3.65
2.00
3.80
3.90
3.75
4.20
3.83
3.38
3.73
3.52
3.23
3.55
4.12
4.20
3.23
3.70
3.63
4.03
1.62
1.38
3.55
2.32
3.90
3.03
4.22
3.97
4.00
4.07
2.85
3.38
3.62
3.50
3.83
4.23
3.17
3.23
3.53
3.70
4.13
3.98
3.95
3.40
4.13
3.98
3.30
3.75
4.02
3.83
3.97
2.50
3.70
4.30
3.58
3.77
3.07
3.35
3.40
2.77
4.10
3.47
4.12
4.22
3.80
3.83
3.75
3.77
3.53
3.93
3.72
1.07
3.70
4.47
4.15
3.82
3.92
3.07
3.75
3.58
3.47
3.02
4.48
3.70
3.95
3.70
3.47
3.17
3.43
3.30
3.52
4.20
3.33
3.87
4.00
2.97
3.37
2.78
3.62
2.53
1.63
3.88
3.55
3.90
3.98
3.15
2.08
3.07
3.77
4.10
4.03
2.77
1.12
3.43
1.63
4.00
3.78
2.47
3.98
3.83
3.37
3.87
1.17
2.80
3.62
3.82
3.33
4.38
3.63
3.20
3.28
3.20
1.80
4.07
2.62
2.97
3.00
4.05
3.32
3.13
3.57
3.70
3.68
3.23
3.55
3.27
3.62
3.47
3.80
4.07
4.00
3.97
3.50
3.20
3.95
4.07
4.50
4.42
3.25
3.35
2.98
3.68
2.72
3.88
4.33
4.43
3.83
3.62
3.73
4.27
3.83
3.68
3.30
4.25
3.90
3.65
4.32
4.00
4.02
3.25
3.40
3.05
3.33
2.32
4.02
2.17
3.13
3.50
3.10
2.75
3.27
3.72
3.87
3.50
3.80
3.80
2.58
3.45
3.88
3.75
3.88
3.57
2.93
3.40
4.07
3.72
3.37
4.32
2.82
3.70
3.13
4.07
3.45
4.20
4.00
3.83
3.88
3.53
3.72
2.82
2.28
4.20
3.88
3.60
2.62
3.02
2.97
3.57
3.60
3.88
3.17
1.78
3.65
4.10
3.27
3.90
4.10
4.00
2.78
2.88
3.98
2.28
3.88
3.78
3.80
3.57
4.00
4.07
3.95
1.67
3.83
4.12
1.67
3.50
2.57
3.02
3.93
3.23
3.68
2.08
3.68
3.68
3.55
3.25
3.62
3.05
3.52
4.07
3.97
4.08
3.65
2.03
3.90
3.88
4.02
3.33
3.30
2.08
3.17
3.47
3.85
3.48
3.87
3.85
3.52
3.65
3.52
4.12
2.72
3.80
2.87
2.58
3.30
3.82
3.88
3.12
3.05
4.57
3.15
3.25
2.88
1.42
3.48
4.18
3.77
1.98
4.02
4.07
4.17
4.08
2.85
4.07
2.87
4.08
3.55
3.80
3.03
3.18
4.47
3.52
4.27
2.47
2.98
3.92
3.50
4.55
1.97
3.70
3.40
3.47
3.28
3.80
2.83
3.83
1.88
3.22
3.38
4.20
4.23
3.38
1.85
3.22
3.88
3.03
3.50
3.93
3.22
1.45
4.02
3.50
3.28
2.98
3.65
3.03
1.63
3.32
2.23
2.85
4.05
3.98
3.80
2.47
3.63
3.68
3.13
2.73
2.72
2.80
3.92
3.42
3.83
1.15
4.27
3.70
3.08
4.42
3.80
3.15
3.95
3.53
2.92
3.03
4.15
3.68
4.07
3.87
3.57
3.13
2.97
4.03
3.38
3.65
3.67
4.03
2.83
3.97
3.47
3.17
2.93
2.98
4.02
3.50
2.47
3.38
3.00
2.30
3.35
3.60
4.20
2.97
3.70
3.72
1.87
2.78
3.12
2.45
1.40
3.48
3.20
2.22
3.43
2.65
3.13
2.47
3.67
3.22
3.07
1.70
3.47
2.77
4.02
2.82
2.90
3.03
2.32
2.78
3.88
3.52
3.40
4.05
1.03
2.38
2.67
3.62
2.67
4.22
1.75
3.80
1.88
1.82
3.10
2.92
1.93
4.08
4.75
2.65
2.12
1.08
4.45
3.92
2.57
3.53
3.77
3.27
3.88
2.33
4.18
1.02
1.80
1.97
3.50
4.17
2.02
3.83
3.90
2.68
1.32
1.60
1.43
2.73
2.73
3.55
